Â: 14051 12876 12555 7082 5993 3643 3035 
Ã: 14089 14080 14054 13995 13982 13975 13889 13873 13830 13762 13693 13681 13424 13228 13191 13186 13125 13005 12997 12991 12956 12885 12798 12725 12663 12642 12588 12490 12326 12254 12210 12199 12129 12112 12081 12053 12013 12011 12009 12005 11961 11926 11868 11857 11776 11741 11705 11643 11597 11536 11527 11397 11366 11189 11169 11117 11072 11010 10927 10922 10874 10863 10829 10809 10763 10721 10698 10628 10621 10606 10571 10497 10449 10434 10427 10414 10353 10346 10325 10310 10271 10261 10251 10212 10168 10066 10063 10051 10044 10031 10027 9984 9939 9930 9911 9901 9890 9870 9852 9844 9767 9717 9684 9587 9294 9254 9220 9211 9190 9148 8980 8913 8777 8735 8673 8660 8566 8499 8478 8411 8167 8148 8128 8107 8090 8062 8043 8029 7814 7739 7702 7680 7676 7616 7612 7606 7562 7491 7453 7445 7439 7382 7354 7325 7300 7271 7231 7132 7087 7080 7072 7040 6883 6872 6869 6845 6818 6790 6755 6742 6722 6696 6603 6417 6412 6404 6333 6258 6145 6082 6031 6000 5931 5928 5574 5296 5274 5271 5267 5253 5244 5144 5129 5119 4946 4933 4824 4812 4743 4730 4647 4625 4543 4282 4235 4203 4184 4176 4123 4093 4044 3986 3922 3902 3653 3617 3599 3503 3500 3425 3416 3410 3203 3146 3142 3106 3063 3057 2994 2980 2972 2960 2913 2846 2728 2714 2663 2630 2625 2608 2551 2470 2416 2360 2242 2190 2078 2071 2056 2052 2049 1956 1945 1927 1612 1600 1584 1551 1523 1474 1445 1434 1410 1407 1301 1299 1262 1230 1206 1173 1089 1078 1062 1056 1052 1044 1023 1011 959 953 850 831 815 796 790 784 741 590 574 542 479 468 397 362 357 326 318 287 183 171 121 109 
ï: 0 
1: 16615 16266 16191 16161 16147 16005 15964 15901 15885 15797 15796 15733 15681 15462 15461 15459 15435 15434 15316 15300 15272 15238 15200 15198 15172 15171 15169 15149 15147 15069 14973 14963 14871 14703 14701 14664 14603 14602 14483 14472 14161 14158 14149 14146 14035 11367 3762 167 
2: 16455 16366 15490 14138 149 68 67 
3: 16508 16497 15794 15622 3758 
4: 16659 16590 16499 15592 14190 14188 
5: 16914 16749 16622 16527 
6: 16558 15551 
8: 16621 16613 14141 166 
9: 16596 16022 15710 
a: 17058 17048 17039 17026 17009 17002 16987 16980 16978 16975 16968 16959 16952 16946 16935 16917 16904 16895 16893 16892 16890 16889 16873 16858 16853 16851 16843 16834 16833 16813 16805 16773 16768 16763 16760 16757 16748 16744 16722 16712 16708 16696 16682 16674 16668 16661 16655 16646 16643 16640 16635 16626 16612 16602 16600 16595 16589 16579 16567 16565 16539 16524 16521 16515 16510 16505 16500 16498 16491 16487 16485 16480 16474 16468 16466 16460 16449 16439 16432 16429 16421 16416 16411 16398 16368 16361 16360 16356 16352 16349 16345 16330 16325 16319 16316 16307 16302 16300 16299 16298 16295 16286 16280 16279 16272 16269 16259 16255 16247 16233 16231 16228 16221 16213 16196 16189 16173 16136 16131 16124 16113 16092 16086 16059 16042 16035 16030 16015 15986 15978 15974 15973 15966 15942 15936 15929 15927 15920 15916 15915 15906 15870 15862 15855 15843 15831 15813 15801 15789 15776 15774 15761 15756 15743 15739 15725 15720 15705 15697 15693 15690 15686 15682 15678 15667 15666 15665 15662 15660 15657 15650 15644 15630 15612 15608 15604 15600 15593 15588 15586 15584 15577 15575 15560 15543 15531 15514 15509 15486 15474 15466 15450 15442 15439 15430 15421 15420 15416 15405 15401 15398 15394 15392 15383 15381 15362 15357 15352 15346 15336 15326 15321 15306 15302 15285 15268 15265 15259 15256 15232 15221 15210 15203 15202 15201 15191 15174 15164 15159 15134 15131 15125 15123 15119 15113 15106 15103 15085 15071 15067 15049 15039 15037 15034 15033 15032 15018 15016 15008 14998 14995 14992 14984 14978 14968 14957 14954 14939 14923 14917 14905 14898 14896 14882 14880 14858 14847 14834 14827 14810 14793 14788 14787 14785 14767 14757 14755 14743 14733 14726 14714 14708 14693 14688 14687 14668 14667 14661 14639 14638 14636 14627 14621 14618 14616 14606 14597 14584 14580 14571 14567 14562 14560 14556 14552 14539 14535 14530 14525 14523 14521 14516 14513 14507 14506 14505 14503 14488 14477 14469 14463 14454 14450 14443 14441 14438 14385 14381 14379 14377 14371 14364 14361 14341 14320 14317 14312 14300 14297 14278 14269 14256 14227 14218 14212 14208 14194 14193 14192 14174 14163 14162 14155 14127 14119 14093 14040 14038 14037 14009 13993 13968 13948 13942 13940 13932 13914 13899 13887 13874 13868 13855 13848 13846 13841 13824 13823 13814 13791 13785 13773 13741 13730 13727 13725 13720 13718 13710 13690 13673 13670 13669 13662 13643 13625 13622 13619 13605 13601 13600 13588 13586 13555 13554 13536 13531 13524 13517 13508 13506 13497 13495 13486 13482 13479 13477 13476 13475 13463 13450 13431 13418 13408 13406 13405 13394 13376 13373 13369 13353 13352 13349 13333 13322 13314 13310 13299 13293 13285 13279 13278 13277 13264 13262 13251 13229 13225 13213 13202 13201 13199 13192 13181 13172 13161 13155 13154 13124 13115 13110 13109 13105 13094 13077 13071 13037 13035 13029 13000 12985 12978 12977 12973 12961 12936 12927 12907 12890 12881 12875 12853 12844 12820 12816 12815 12808 12800 12788 12780 12779 12768 12767 12764 12757 12755 12752 12751 12745 12739 12734 12723 12715 12701 12700 12680 12675 12648 12615 12601 12581 12578 12575 12574 12569 12565 12558 12551 12527 12525 12515 12512 12509 12506 12505 12497 12492 12482 12451 12443 12437 12423 12418 12414 12413 12410 12409 12403 12379 12378 12375 12349 12347 12345 12343 12325 12321 12314 12287 12268 12265 12262 12256 12240 12233 12217 12205 12188 12187 12176 12157 12136 12102 12100 12097 12050 12041 12015 12012 12007 12004 12000 11988 11986 11982 11976 11951 11946 11944 11905 11885 11862 11859 11828 11827 11816 11809 11792 11783 11775 11767 11758 11755 11742 11734 11728 11727 11726 11718 11700 11694 11686 11679 11677 11673 11672 11660 11659 11657 11626 11608 11584 11580 11577 11573 11562 11559 11530 11512 11510 11507 11498 11491 11489 11471 11460 11457 11455 11443 11435 11429 11421 11419 11412 11410 11390 11387 11384 11380 11355 11329 11327 11324 11315 11304 11302 11297 11291 11260 11255 11248 11242 11239 11227 11215 11213 11209 11165 11153 11151 11140 11127 11122 11085 11083 11065 11064 11062 11049 11044 11035 11025 11022 11007 10991 10984 10979 10967 10961 10940 10929 10923 10921 10918 10908 10906 10900 10891 10853 10841 10813 10807 10799 10784 10772 10762 10755 10749 10747 10717 10715 10710 10673 10668 10650 10636 10602 10590 10587 10586 10584 10576 10567 10544 10528 10522 10516 10490 10488 10482 10473 10469 10462 10459 10447 10428 10422 10415 10412 10400 10396 10393 10388 10356 10352 10333 10323 10308 10300 10292 10274 10267 10248 10247 10238 10224 10175 10157 10155 10131 10126 10115 10114 10111 10047 10016 9941 9940 9922 9904 9868 9855 9849 9846 9839 9796 9794 9783 9761 9743 9730 9728 9709 9700 9698 9693 9690 9687 9685 9683 9682 9676 9669 9667 9664 9641 9639 9634 9626 9624 9619 9603 9601 9591 9586 9569 9568 9533 9520 9500 9486 9480 9463 9452 9443 9412 9409 9405 9399 9396 9395 9370 9365 9342 9321 9320 9313 9310 9308 9300 9293 9291 9290 9286 9278 9273 9262 9260 9256 9244 9225 9216 9213 9209 9203 9141 9105 9090 9081 9071 9062 9016 8988 8976 8975 8965 8947 8942 8941 8935 8920 8902 8888 8887 8886 8885 8884 8879 8865 8860 8858 8839 8832 8828 8825 8811 8798 8795 8776 8764 8760 8746 8734 8723 8718 8691 8690 8686 8632 8626 8625 8615 8605 8585 8581 8543 8534 8528 8522 8513 8502 8485 8482 8479 8476 8470 8466 8452 8430 8422 8417 8409 8383 8357 8348 8298 8293 8291 8286 8282 8249 8242 8236 8222 8207 8196 8186 8179 8155 8110 8088 8085 8072 8036 8028 8013 8004 7999 7992 7960 7959 7956 7948 7947 7935 7931 7924 7916 7915 7899 7885 7873 7862 7857 7852 7850 7841 7820 7810 7804 7792 7785 7769 7746 7745 7727 7721 7711 7700 7693 7688 7677 7656 7644 7635 7613 7608 7602 7591 7567 7566 7555 7528 7525 7515 7512 7483 7476 7472 7450 7432 7416 7412 7410 7407 7406 7398 7395 7389 7383 7378 7375 7369 7366 7360 7340 7328 7323 7319 7316 7303 7289 7285 7243 7203 7199 7166 7161 7157 7153 7131 7124 7115 7110 7109 7090 7084 7075 7061 7056 7043 7031 7015 7010 7006 7001 6999 6989 6985 6984 6980 6976 6969 6965 6958 6916 6913 6907 6906 6901 6899 6894 6875 6858 6846 6840 6823 6801 6739 6737 6734 6719 6706 6689 6660 6657 6651 6642 6638 6633 6632 6627 6625 6623 6616 6612 6597 6579 6573 6565 6561 6559 6543 6540 6523 6511 6502 6461 6445 6431 6385 6368 6367 6361 6356 6349 6344 6337 6329 6328 6326 6321 6294 6289 6281 6273 6264 6238 6199 6189 6173 6172 6163 6158 6122 6118 6115 6113 6103 6077 6073 6067 6061 6045 6044 6033 6028 6027 6017 6011 6001 5997 5967 5962 5959 5957 5952 5936 5933 5932 5919 5903 5901 5897 5873 5869 5858 5854 5836 5830 5821 5797 5774 5767 5760 5738 5734 5722 5714 5703 5681 5678 5673 5638 5635 5625 5623 5618 5617 5615 5605 5590 5587 5583 5569 5564 5548 5529 5528 5521 5520 5510 5505 5503 5461 5458 5451 5448 5400 5399 5377 5367 5355 5352 5344 5343 5339 5336 5332 5327 5323 5306 5293 5290 5284 5278 5263 5252 5250 5249 5248 5233 5229 5220 5214 5212 5205 5201 5197 5186 5184 5167 5159 5154 5140 5112 5106 5101 5098 5087 5084 5083 5077 5070 5057 5056 5052 5049 5029 5002 5001 4999 4995 4992 4965 4948 4932 4921 4919 4918 4913 4906 4900 4892 4862 4859 4844 4836 4828 4827 4823 4820 4809 4805 4795 4757 4755 4752 4750 4749 4746 4739 4719 4711 4705 4688 4676 4628 4604 4602 4592 4587 4578 4562 4556 4555 4552 4548 4546 4545 4518 4513 4501 4500 4499 4498 4496 4487 4482 4481 4477 4462 4459 4418 4415 4393 4382 4374 4373 4372 4356 4353 4351 4329 4304 4300 4298 4279 4274 4247 4242 4182 4169 4165 4162 4153 4137 4127 4124 4113 4105 4066 4064 4061 4049 4045 4038 4028 4018 4003 4002 4000 3995 3989 3985 3961 3952 3936 3912 3907 3900 3899 3897 3892 3871 3870 3861 3850 3844 3823 3812 3804 3798 3795 3792 3790 3761 3755 3752 3748 3743 3742 3739 3715 3702 3673 3663 3657 3652 3644 3639 3607 3606 3584 3571 3560 3552 3537 3530 3525 3522 3506 3495 3485 3480 3474 3431 3427 3418 3409 3390 3381 3364 3359 3354 3351 3332 3327 3308 3294 3293 3290 3287 3277 3273 3250 3233 3214 3205 3189 3183 3171 3163 3124 3110 3097 3095 3090 3078 3040 3030 3026 3013 3011 3006 2978 2935 2933 2920 2917 2908 2901 2887 2863 2852 2843 2834 2819 2802 2798 2791 2776 2769 2763 2757 2753 2721 2716 2712 2707 2686 2680 2677 2675 2660 2627 2616 2613 2605 2570 2565 2543 2534 2529 2520 2511 2492 2491 2482 2478 2473 2443 2432 2422 2384 2383 2375 2369 2348 2342 2323 2314 2308 2297 2275 2264 2253 2233 2231 2175 2170 2154 2140 2135 2104 2101 2093 2083 2075 2042 2035 2034 2012 2005 1982 1978 1963 1961 1958 1944 1939 1930 1917 1908 1890 1882 1873 1857 1823 1807 1799 1796 1787 1784 1772 1767 1749 1740 1738 1732 1722 1721 1709 1683 1672 1654 1618 1614 1602 1582 1579 1573 1559 1539 1531 1528 1524 1520 1503 1490 1470 1465 1456 1446 1437 1430 1416 1412 1394 1388 1387 1383 1373 1354 1353 1335 1322 1316 1313 1308 1290 1271 1257 1256 1255 1241 1239 1231 1221 1199 1193 1190 1186 1163 1133 1104 1099 1075 1058 1054 1049 1008 1002 982 966 957 947 940 929 925 894 862 860 857 852 843 842 836 827 820 813 807 804 795 783 781 776 760 756 718 715 714 691 689 685 664 656 654 649 645 631 603 578 576 573 564 548 543 534 530 513 502 453 448 434 430 416 355 340 328 325 302 284 278 266 264 259 253 250 234 228 208 201 194 175 168 154 142 133 128 102 93 87 83 63 59 54 36 26 24 21 20 19 11 
b: 16942 16854 16709 16701 16651 16633 16608 16597 16575 16544 16403 16388 16245 16235 16179 16040 15981 15956 15952 15882 15880 15844 15838 15795 15769 15619 15611 15572 15548 15528 15327 15234 15213 15206 15196 15101 14934 14924 14848 14814 14781 14702 14665 14631 14630 14629 14624 14612 14575 14574 14573 14524 14484 14432 14411 14375 14323 14241 14229 14228 14210 14205 14200 14186 14170 14103 14091 13922 13900 13852 13721 13654 13627 13518 13413 13385 13379 13294 13290 13235 13187 13135 13063 12945 12702 12689 12611 12415 12408 12072 11930 11878 11842 11835 11704 11627 11585 11567 11513 11321 11287 11256 11200 11164 11018 11011 10858 10692 10615 10583 10392 10315 10246 10158 10123 9958 9856 9807 9741 9644 9332 9322 9091 9024 8960 8928 8769 8742 8639 8636 8523 8456 8419 8393 7913 7751 7733 7425 7336 7262 7217 7172 7127 6992 6835 6619 6578 6492 6392 6355 6335 6283 6187 6157 6084 6013 6006 5840 5626 5600 5555 5533 5514 5456 5142 5095 5082 4891 4871 4865 4856 4727 4634 4631 4411 4367 4360 3824 3822 3786 3709 3449 3426 3371 3337 3140 2621 2576 2558 2557 2503 2500 2469 2279 2268 2196 2076 2028 1925 1907 1827 1758 1746 1728 1715 1679 1638 1596 1565 1475 1319 1300 1268 1205 1187 1168 1146 1069 1012 922 892 869 866 496 489 484 104 103 85 80 7 
c: 17000 16988 16979 16970 16941 16933 16906 16905 16901 16886 16879 16860 16856 16817 16812 16803 16794 16792 16764 16755 16745 16743 16738 16736 16700 16685 16675 16653 16647 16632 16630 16624 16619 16559 16529 16493 16463 16453 16445 16433 16400 16393 16364 16338 16318 16288 16208 16199 16129 16109 16088 16028 15989 15958 15935 15879 15875 15874 15871 15856 15851 15841 15823 15819 15809 15804 15786 15738 15718 15695 15670 15651 15573 15512 15504 15470 15465 15456 15447 15438 15406 15399 15393 15384 15350 15328 15319 15275 15258 15229 15208 15194 15187 15140 15116 15102 15100 15096 15084 15045 15036 15022 14996 14958 14951 14949 14931 14926 14915 14910 14902 14899 14895 14891 14886 14873 14868 14841 14839 14821 14796 14778 14773 14766 14732 14719 14716 14715 14673 14654 14644 14557 14540 14533 14452 14398 14365 14347 14343 14340 14327 14311 14299 14281 14268 14267 14259 14243 14181 14168 14137 14135 14126 14122 14108 14063 14059 14028 14026 14012 13955 13936 13902 13897 13870 13806 13802 13776 13754 13748 13745 13708 13701 13697 13685 13660 13642 13635 13628 13615 13613 13604 13599 13591 13583 13507 13504 13465 13455 13451 13404 13383 13350 13345 13323 13295 13282 13256 13255 13241 13183 13180 13177 13171 13164 13140 13114 13108 13075 13068 13039 13033 13014 12998 12983 12975 12974 12970 12946 12925 12904 12898 12884 12872 12870 12845 12842 12826 12824 12822 12781 12777 12743 12741 12731 12713 12709 12704 12698 12693 12664 12662 12654 12650 12649 12636 12625 12616 12599 12537 12534 12524 12491 12489 12481 12477 12476 12458 12448 12440 12439 12424 12412 12394 12387 12385 12359 12356 12323 12322 12313 12307 12300 12274 12266 12264 12258 12257 12209 12195 12172 12132 12123 12104 12098 12082 12076 12062 12052 12051 12008 11991 11983 11978 11975 11943 11925 11916 11912 11891 11867 11860 11856 11853 11851 11848 11825 11824 11813 11777 11773 11768 11754 11730 11725 11722 11701 11648 11628 11579 11558 11552 11548 11542 11526 11505 11463 11458 11442 11440 11422 11420 11396 11359 11339 11326 11317 11311 11285 11274 11271 11266 11250 11241 11240 11222 11188 11177 11172 11166 11162 11145 11115 11113 11097 11074 11071 11068 11053 11038 11005 11002 11000 10990 10987 10980 10957 10953 10903 10878 10862 10852 10851 10800 10787 10780 10779 10775 10765 10736 10722 10720 10719 10711 10708 10700 10671 10640 10638 10619 10607 10596 10578 10548 10520 10489 10467 10465 10460 10438 10419 10408 10382 10359 10314 10302 10298 10288 10284 10272 10270 10266 10265 10257 10255 10250 10239 10228 10202 10194 10149 10140 10133 10127 10125 10118 10104 10085 10072 10028 10014 10013 10007 9999 9985 9983 9951 9949 9943 9938 9924 9918 9915 9899 9885 9872 9865 9862 9853 9843 9820 9813 9810 9748 9744 9737 9729 9718 9714 9712 9699 9691 9658 9651 9637 9598 9596 9580 9577 9570 9563 9562 9560 9549 9537 9526 9522 9510 9505 9501 9491 9477 9462 9455 9440 9439 9431 9403 9400 9355 9354 9346 9344 9309 9305 9277 9255 9249 9204 9202 9200 9183 9177 9169 9166 9157 9138 9129 9120 9084 9069 9061 9058 9049 9044 9038 8985 8982 8963 8929 8927 8901 8890 8882 8852 8849 8842 8829 8790 8787 8784 8757 8754 8750 8744 8740 8709 8705 8697 8692 8654 8645 8614 8601 8593 8569 8553 8524 8509 8491 8486 8472 8447 8442 8436 8431 8407 8398 8374 8325 8313 8312 8283 8279 8274 8273 8257 8239 8208 8200 8175 8157 8143 8098 8083 8069 8067 8061 8044 8017 7964 7958 7957 7936 7884 7878 7874 7866 7849 7799 7781 7710 7675 7662 7649 7643 7605 7596 7584 7574 7500 7498 7477 7466 7447 7436 7431 7429 7427 7426 7405 7402 7386 7356 7327 7321 7307 7297 7290 7286 7276 7269 7260 7244 7205 7160 7147 7128 7096 7086 7079 7065 7018 6954 6952 6920 6919 6882 6857 6817 6808 6796 6793 6752 6713 6709 6701 6697 6665 6661 6658 6656 6644 6610 6607 6587 6582 6571 6537 6472 6455 6443 6403 6388 6360 6347 6319 6318 6290 6235 6229 6219 6211 6169 6164 6129 6116 6112 6092 6054 6053 6042 6030 6022 6015 5970 5963 5948 5935 5934 5926 5920 5906 5896 5891 5876 5856 5820 5819 5814 5790 5780 5775 5765 5755 5740 5736 5705 5674 5670 5666 5659 5648 5641 5598 5588 5575 5551 5542 5524 5512 5467 5447 5440 5432 5418 5373 5359 5321 5312 5301 5272 5261 5230 5211 5198 5192 5188 5169 5160 5149 5148 5136 5134 5118 5096 5094 5059 5036 5019 4940 4930 4920 4909 4873 4866 4863 4857 4841 4838 4834 4802 4784 4775 4767 4758 4742 4733 4732 4689 4682 4679 4664 4661 4650 4649 4644 4635 4616 4588 4567 4564 4553 4503 4470 4444 4425 4387 4368 4317 4268 4262 4240 4239 4222 4216 4211 4206 4205 4192 4177 4146 4139 4129 4122 4115 4081 4080 4063 4053 4050 4037 3993 3976 3972 3965 3962 3925 3921 3889 3865 3852 3848 3836 3813 3753 3751 3701 3692 3676 3661 3647 3646 3634 3631 3618 3616 3611 3605 3595 3592 3590 3586 3570 3557 3510 3507 3499 3493 3463 3460 3445 3417 3411 3407 3406 3386 3377 3375 3370 3355 3313 3296 3285 3276 3263 3253 3249 3243 3231 3220 3204 3202 3191 3174 3155 3145 3141 3122 3093 3073 3049 3048 3028 3027 3014 3010 3008 2997 2979 2973 2959 2948 2921 2909 2905 2862 2849 2844 2830 2828 2822 2806 2803 2793 2792 2777 2775 2756 2754 2752 2723 2717 2682 2670 2652 2649 2639 2633 2623 2577 2569 2553 2535 2530 2528 2521 2519 2498 2495 2493 2458 2453 2451 2440 2402 2399 2387 2379 2363 2351 2341 2330 2300 2289 2273 2272 2251 2203 2163 2155 2120 2116 2106 2054 2046 2039 2010 1987 1968 1952 1948 1911 1853 1831 1781 1757 1747 1706 1684 1682 1661 1650 1646 1613 1578 1569 1538 1535 1532 1522 1519 1512 1492 1482 1476 1466 1413 1406 1378 1331 1309 1281 1277 1272 1250 1243 1210 1198 1185 1157 1131 1119 1080 1038 1001 983 972 969 965 944 941 899 844 833 830 816 791 764 748 740 736 707 657 653 643 637 629 621 619 608 606 587 541 503 491 483 461 458 442 439 411 407 400 394 386 371 369 358 345 339 335 334 321 314 312 292 277 242 233 179 174 155 150 146 134 125 77 57 32 23 5 
d: 17033 16994 16982 16953 16909 16907 16891 16887 16864 16850 16848 16838 16836 16814 16799 16797 16783 16780 16746 16720 16703 16695 16683 16672 16662 16656 16649 16629 16592 16569 16492 16412 16381 16362 16354 16341 16336 16326 16308 16241 16214 16211 16197 16194 16135 16132 16080 16023 16016 16014 16004 15993 15987 15975 15934 15928 15919 15898 15890 15888 15877 15866 15865 15863 15852 15824 15816 15808 15753 15742 15728 15711 15704 15698 15661 15649 15628 15623 15594 15555 15552 15533 15496 15477 15449 15445 15436 15349 15322 15293 15278 15276 15273 15243 15239 15192 15104 15082 15078 15024 15019 14932 14929 14927 14925 14887 14779 14776 14774 14764 14750 14737 14674 14645 14569 14538 14519 14435 14428 14413 14388 14383 14367 14338 14301 14270 14248 14230 14215 14173 14124 14111 14101 14064 14056 14050 14045 14039 14036 14032 14027 14005 13988 13985 13979 13950 13945 13939 13937 13934 13924 13918 13910 13909 13907 13901 13879 13869 13858 13845 13838 13837 13833 13828 13820 13812 13809 13803 13798 13761 13749 13744 13743 13737 13722 13696 13689 13682 13667 13655 13646 13614 13598 13584 13582 13578 13576 13572 13570 13565 13563 13562 13556 13550 13545 13540 13526 13520 13514 13505 13503 13500 13498 13493 13470 13430 13426 13423 13411 13391 13366 13364 13362 13355 13351 13330 13319 13316 13291 13269 13267 13265 13253 13216 13190 13166 13162 13146 13117 13113 13097 13091 13072 13067 13056 13042 13021 13015 13007 12996 12989 12969 12953 12949 12948 12937 12929 12922 12921 12916 12910 12901 12873 12866 12864 12858 12852 12833 12810 12807 12805 12803 12791 12775 12758 12753 12749 12728 12727 12718 12690 12684 12682 12678 12677 12668 12667 12656 12646 12639 12633 12631 12576 12570 12562 12559 12552 12549 12542 12531 12520 12501 12499 12468 12465 12463 12450 12442 12433 12416 12391 12363 12358 12351 12338 12330 12327 12292 12270 12245 12228 12227 12225 12224 12204 12196 12190 12179 12168 12134 12121 12116 12111 12103 12092 12090 12084 12078 12070 12064 12057 12055 12048 12046 12043 12037 12030 12020 12006 11995 11993 11964 11963 11958 11949 11910 11906 11895 11883 11877 11871 11852 11845 11834 11786 11785 11779 11771 11760 11749 11744 11729 11706 11703 11702 11695 11692 11689 11682 11665 11649 11629 11623 11614 11607 11599 11595 11594 11582 11549 11540 11537 11532 11518 11514 11504 11497 11485 11482 11478 11473 11468 11454 11418 11392 11382 11375 11372 11341 11336 11331 11330 11322 11300 11281 11261 11254 11252 11251 11237 11235 11233 11217 11216 11203 11199 11195 11192 11181 11179 11171 11157 11144 11141 11135 11132 11125 11103 11095 11090 11086 11058 11056 11051 11046 11040 11031 11027 11016 11014 11008 11001 10986 10975 10962 10956 10952 10942 10934 10930 10920 10892 10886 10884 10877 10872 10868 10865 10857 10850 10843 10842 10825 10818 10806 10796 10793 10791 10786 10778 10766 10739 10732 10728 10725 10707 10695 10686 10674 10670 10667 10664 10660 10658 10648 10644 10633 10631 10623 10617 10613 10610 10603 10589 10565 10561 10558 10541 10538 10535 10526 10519 10518 10513 10509 10504 10502 10478 10474 10468 10454 10436 10431 10429 10420 10416 10411 10401 10397 10383 10378 10375 10373 10372 10371 10368 10355 10354 10340 10336 10317 10312 10304 10286 10283 10281 10279 10269 10259 10256 10241 10235 10231 10219 10215 10209 10198 10190 10188 10186 10185 10179 10165 10164 10163 10162 10160 10153 10152 10144 10121 10117 10088 10087 10083 10081 10075 10058 10053 10042 10040 10036 10024 10011 10006 10003 9994 9993 9982 9972 9966 9961 9934 9928 9919 9913 9909 9896 9858 9848 9803 9801 9781 9775 9766 9755 9753 9749 9733 9719 9713 9705 9688 9677 9672 9663 9652 9643 9627 9620 9615 9611 9608 9602 9585 9581 9575 9574 9571 9566 9547 9531 9530 9527 9525 9518 9508 9502 9494 9484 9481 9475 9466 9465 9436 9432 9419 9392 9389 9378 9375 9369 9368 9366 9360 9358 9351 9316 9285 9280 9275 9271 9258 9253 9247 9239 9236 9227 9191 9189 9167 9161 9153 9151 9149 9147 9143 9136 9124 9123 9118 9111 9100 9092 9085 9079 9077 9068 9050 9031 9030 9027 9023 8992 8981 8977 8974 8969 8962 8951 8939 8936 8922 8921 8917 8915 8905 8895 8891 8880 8877 8872 8867 8856 8855 8853 8848 8845 8836 8834 8830 8827 8821 8812 8808 8800 8783 8762 8758 8756 8743 8732 8729 8724 8719 8701 8698 8694 8681 8674 8662 8635 8628 8624 8621 8617 8607 8604 8584 8579 8576 8570 8568 8565 8564 8558 8555 8549 8530 8529 8525 8507 8495 8488 8474 8464 8437 8415 8403 8391 8389 8368 8360 8350 8349 8341 8338 8337 8330 8308 8261 8258 8252 8250 8241 8240 8233 8232 8231 8204 8198 8197 8194 8184 8181 8154 8145 8144 8141 8125 8112 8111 8104 8103 8101 8100 8096 8095 8092 8077 8074 8066 8065 8053 8052 8051 8037 8034 8031 8010 7995 7990 7987 7986 7973 7961 7946 7934 7920 7917 7912 7910 7901 7893 7883 7870 7869 7867 7864 7863 7855 7845 7844 7839 7828 7821 7809 7802 7800 7790 7775 7774 7770 7764 7741 7722 7714 7685 7673 7671 7653 7646 7639 7629 7625 7598 7592 7576 7565 7560 7547 7530 7524 7514 7507 7504 7478 7467 7462 7454 7430 7424 7418 7403 7401 7391 7373 7363 7357 7352 7349 7312 7309 7306 7305 7302 7284 7283 7278 7264 7255 7240 7191 7186 7183 7163 7144 7134 7121 7118 7117 7113 7106 7103 7098 7097 7091 7074 7053 7046 7026 7007 6997 6994 6990 6986 6983 6981 6978 6975 6974 6947 6940 6937 6931 6928 6909 6903 6891 6880 6870 6863 6834 6825 6799 6797 6727 6716 6708 6705 6698 6690 6685 6684 6674 6662 6636 6621 6618 6594 6583 6577 6575 6562 6553 6541 6519 6488 6487 6470 6469 6459 6423 6419 6331 6327 6323 6317 6311 6306 6291 6285 6282 6278 6276 6269 6254 6252 6248 6246 6242 6231 6205 6180 6179 6166 6144 6140 6125 6108 6106 6104 6099 6094 6091 6089 6086 6070 6038 6026 6018 6008 6003 5992 5982 5974 5972 5969 5930 5915 5913 5907 5895 5893 5877 5868 5864 5846 5844 5834 5823 5816 5807 5799 5794 5776 5766 5762 5759 5756 5735 5733 5725 5710 5688 5685 5663 5658 5651 5649 5646 5636 5630 5627 5607 5601 5582 5571 5570 5567 5559 5552 5550 5546 5537 5535 5532 5522 5511 5508 5499 5479 5466 5446 5445 5428 5423 5415 5409 5407 5404 5379 5350 5325 5300 5294 5291 5280 5277 5264 5246 5238 5235 5223 5202 5189 5182 5177 5176 5164 5161 5153 5150 5146 5137 5127 5109 5105 5104 5092 5091 5090 5054 5051 5028 5017 5009 5003 4994 4973 4970 4962 4943 4917 4903 4889 4888 4885 4881 4867 4853 4842 4839 4798 4796 4791 4783 4776 4751 4748 4718 4683 4678 4672 4671 4657 4655 4645 4643 4637 4632 4596 4594 4590 4583 4580 4558 4540 4520 4515 4510 4505 4502 4494 4490 4489 4483 4465 4445 4440 4438 4436 4434 4426 4424 4423 4421 4399 4394 4389 4362 4358 4339 4334 4326 4322 4315 4294 4293 4290 4259 4256 4244 4228 4219 4218 4215 4213 4210 4200 4198 4159 4155 4145 4126 4118 4096 4090 4089 4085 4077 4074 4072 4062 4059 4040 4036 4026 4019 4011 3997 3992 3973 3971 3968 3966 3957 3927 3913 3904 3896 3895 3879 3876 3859 3843 3839 3826 3818 3809 3806 3802 3800 3785 3776 3765 3757 3756 3747 3737 3732 3731 3728 3721 3717 3707 3695 3690 3685 3674 3669 3666 3665 3662 3659 3648 3641 3638 3633 3629 3620 3614 3613 3610 3581 3563 3543 3540 3536 3533 3528 3526 3524 3514 3505 3502 3488 3483 3477 3471 3470 3454 3453 3452 3444 3434 3429 3420 3419 3415 3383 3378 3365 3361 3358 3350 3346 3344 3342 3334 3330 3329 3324 3316 3315 3305 3288 3270 3252 3238 3221 3206 3197 3185 3132 3127 3126 3125 3113 3109 3091 3081 3069 3045 3037 3034 3017 3012 3004 3000 2992 2988 2987 2983 2966 2962 2944 2937 2922 2906 2903 2902 2885 2880 2877 2872 2861 2842 2836 2831 2821 2814 2794 2787 2770 2765 2745 2736 2732 2726 2701 2698 2695 2691 2678 2673 2659 2650 2646 2617 2599 2598 2596 2593 2592 2587 2574 2545 2522 2497 2494 2489 2462 2456 2454 2450 2448 2439 2414 2410 2400 2395 2386 2372 2365 2332 2329 2322 2321 2313 2301 2284 2260 2257 2250 2239 2216 2207 2204 2201 2197 2167 2166 2126 2123 2118 2112 2095 2077 2067 2058 2050 2047 2038 2030 2026 2019 2015 2007 2006 1994 1991 1971 1942 1906 1903 1885 1881 1875 1858 1837 1836 1832 1820 1814 1810 1805 1800 1797 1783 1777 1769 1756 1742 1720 1717 1714 1707 1704 1703 1689 1680 1669 1658 1652 1651 1629 1624 1622 1611 1592 1591 1588 1561 1557 1549 1540 1533 1527 1518 1513 1507 1493 1489 1485 1460 1458 1449 1444 1436 1431 1428 1427 1424 1419 1408 1404 1400 1374 1372 1367 1366 1361 1360 1334 1317 1296 1289 1286 1285 1273 1266 1235 1227 1217 1207 1203 1201 1195 1191 1183 1181 1178 1176 1169 1167 1165 1162 1160 1158 1156 1154 1147 1139 1138 1135 1128 1125 1114 1102 1094 1088 1086 1079 1051 1047 1046 1037 1031 1015 1005 1000 992 988 985 981 968 955 933 926 924 906 903 902 893 882 863 856 853 838 817 808 801 787 780 779 766 763 720 710 704 695 690 671 667 662 647 646 642 632 624 611 595 572 568 558 525 514 506 493 475 472 459 447 443 440 431 426 423 412 402 399 395 388 381 378 368 350 347 344 341 338 306 299 289 275 269 251 246 243 237 226 207 200 198 193 192 169 164 160 153 144 139 132 127 126 119 111 108 106 105 90 66 65 62 10 
e: 17060 17054 17047 17005 16998 16974 16967 16956 16938 16920 16765 16728 16717 16714 16654 16623 16601 16573 16551 16542 16528 16490 16440 16406 16402 16383 16320 16312 16292 16282 16204 16175 16148 16120 16103 16099 16083 16074 16070 16044 16019 15994 15959 15937 15923 15891 15884 15854 15829 15826 15805 15803 15802 15746 15701 15620 15554 15480 15397 15387 15289 15282 15178 15141 15075 15064 15026 14840 14812 14723 14697 14678 14652 14650 14622 14590 14565 14544 14494 14481 14430 14397 14389 14358 14353 14346 14330 14304 14250 14239 14232 14180 14175 14164 14134 14133 14132 14128 14125 14106 14097 14095 14088 14084 14060 14049 14033 14029 14024 14020 13997 13987 13981 13970 13923 13916 13905 13896 13894 13892 13884 13880 13871 13864 13862 13844 13822 13818 13815 13807 13800 13796 13790 13768 13758 13752 13742 13740 13717 13711 13698 13692 13674 13661 13658 13638 13637 13631 13624 13620 13616 13593 13590 13552 13547 13544 13529 13496 13490 13489 13481 13466 13448 13445 13438 13429 13412 13403 13401 13398 13395 13382 13381 13375 13365 13359 13348 13344 13343 13342 13332 13321 13296 13287 13281 13271 13259 13242 13218 13214 13211 13207 13179 13163 13153 13149 13138 13136 13134 13112 13111 13102 13082 13076 13073 13062 13058 13055 13049 13040 13028 13027 13020 13019 12999 12980 12979 12971 12954 12944 12942 12934 12924 12919 12912 12893 12887 12886 12883 12865 12860 12857 12849 12827 12789 12782 12776 12765 12763 12756 12746 12737 12735 12722 12714 12707 12706 12703 12694 12688 12686 12676 12659 12657 12647 12644 12641 12628 12624 12600 12587 12579 12560 12547 12543 12539 12508 12485 12479 12478 12453 12441 12421 12393 12390 12380 12365 12360 12352 12346 12318 12312 12289 12277 12273 12267 12259 12249 12242 12238 12216 12211 12202 12181 12175 12165 12152 12145 12143 12139 12138 12124 12109 12106 12096 12087 12060 12054 12039 12036 12027 12024 12021 12017 12010 12002 11989 11981 11974 11973 11971 11962 11960 11955 11928 11924 11897 11882 11870 11861 11855 11847 11840 11833 11820 11814 11803 11799 11784 11759 11750 11731 11723 11707 11670 11668 11663 11662 11661 11650 11645 11642 11630 11612 11609 11600 11596 11571 11565 11556 11553 11523 11521 11515 11502 11494 11493 11481 11470 11465 11459 11456 11451 11438 11426 11416 11413 11407 11398 11388 11378 11368 11365 11333 11318 11305 11275 11253 11245 11224 11196 11187 11185 11173 11160 11149 11143 11124 11119 11110 11102 11092 11087 11084 11077 11042 11037 11033 11023 11019 10996 10983 10971 10945 10936 10924 10913 10897 10890 10889 10888 10867 10860 10849 10831 10817 10815 10803 10798 10783 10776 10774 10770 10737 10716 10712 10703 10701 10693 10684 10678 10676 10669 10662 10652 10641 10634 10626 10625 10605 10595 10591 10564 10563 10560 10551 10521 10515 10506 10499 10480 10476 10471 10461 10453 10424 10413 10404 10395 10380 10377 10376 10347 10291 10289 10273 10263 10258 10249 10225 10217 10208 10205 10204 10195 10193 10150 10137 10124 10105 10097 10084 10070 10055 10050 10039 9998 9992 9981 9977 9969 9935 9933 9932 9927 9917 9916 9898 9895 9878 9867 9857 9847 9830 9827 9821 9815 9806 9790 9776 9769 9762 9759 9745 9740 9707 9702 9692 9679 9675 9674 9650 9648 9647 9645 9633 9629 9622 9617 9605 9597 9595 9561 9559 9544 9535 9523 9516 9499 9493 9478 9468 9461 9456 9446 9442 9430 9404 9397 9394 9386 9374 9373 9362 9361 9348 9347 9345 9337 9328 9325 9323 9318 9302 9298 9295 9284 9274 9265 9261 9245 9233 9229 9205 9195 9188 9176 9171 9168 9165 9155 9134 9122 9116 9103 9099 9095 9093 9082 9073 9070 9065 9057 9056 9046 9045 9043 9041 9034 9020 9018 9015 9000 8999 8994 8991 8979 8971 8955 8946 8938 8925 8924 8910 8894 8861 8850 8813 8802 8797 8786 8770 8761 8748 8745 8738 8730 8696 8678 8670 8665 8618 8613 8610 8609 8606 8597 8578 8554 8545 8514 8508 8493 8492 8490 8480 8468 8467 8457 8454 8450 8443 8434 8427 8413 8406 8392 8378 8376 8359 8346 8335 8332 8329 8326 8324 8314 8289 8284 8267 8265 8246 8243 8230 8220 8215 8202 8199 8177 8170 8165 8162 8160 8156 8146 8130 8129 8116 8106 8105 8084 8080 8079 8046 8045 8040 8025 8009 7998 7997 7984 7983 7979 7970 7954 7925 7918 7908 7906 7904 7892 7882 7879 7848 7847 7842 7831 7786 7768 7762 7749 7732 7728 7726 7725 7719 7718 7717 7709 7698 7697 7696 7659 7633 7618 7610 7600 7557 7556 7553 7541 7536 7535 7527 7521 7513 7511 7503 7487 7460 7459 7456 7448 7443 7438 7397 7387 7380 7379 7376 7368 7351 7322 7318 7304 7295 7280 7279 7277 7275 7270 7265 7259 7252 7251 7246 7239 7236 7232 7220 7209 7196 7171 7169 7168 7159 7151 7146 7140 7139 7129 7120 7112 7105 7094 7089 7085 7070 7066 7064 7030 7028 7023 7022 7017 7009 7005 6993 6970 6968 6967 6961 6955 6936 6935 6930 6912 6900 6897 6871 6850 6839 6832 6831 6822 6819 6800 6792 6782 6778 6776 6773 6765 6736 6714 6711 6702 6681 6666 6655 6640 6637 6635 6629 6614 6609 6601 6596 6595 6593 6592 6567 6555 6547 6546 6530 6521 6517 6499 6498 6497 6496 6495 6491 6481 6473 6454 6449 6441 6429 6427 6424 6422 6410 6401 6400 6379 6378 6377 6376 6369 6364 6350 6336 6322 6316 6313 6271 6251 6247 6230 6226 6215 6213 6200 6185 6182 6168 6162 6152 6147 6141 6132 6130 6121 6097 6093 6072 6065 6051 6047 6034 6023 6021 6010 5999 5998 5995 5990 5987 5984 5979 5978 5976 5971 5951 5950 5939 5927 5923 5921 5900 5888 5886 5860 5857 5843 5837 5828 5826 5824 5815 5811 5805 5803 5792 5788 5773 5768 5751 5745 5743 5729 5724 5718 5715 5712 5696 5695 5687 5682 5672 5671 5652 5650 5632 5621 5611 5604 5592 5589 5580 5576 5573 5572 5565 5547 5534 5502 5496 5472 5470 5468 5463 5455 5452 5443 5442 5431 5425 5421 5417 5412 5398 5393 5388 5383 5381 5372 5363 5356 5354 5337 5329 5326 5316 5314 5309 5298 5275 5258 5245 5239 5236 5231 5228 5218 5210 5199 5191 5183 5175 5168 5152 5139 5131 5115 5111 5102 5085 5080 5069 5045 5039 5027 5020 5018 5008 4989 4988 4987 4985 4978 4974 4972 4958 4951 4950 4945 4928 4925 4910 4907 4897 4874 4868 4854 4850 4793 4788 4782 4771 4763 4762 4754 4736 4724 4722 4707 4706 4658 4633 4618 4615 4599 4598 4584 4573 4560 4557 4554 4541 4536 4535 4508 4485 4478 4468 4467 4456 4454 4448 4432 4417 4412 4407 4401 4396 4395 4392 4388 4385 4364 4311 4308 4301 4299 4297 4296 4288 4285 4280 4271 4267 4258 4251 4241 4233 4227 4214 4188 4187 4186 4172 4166 4157 4142 4141 4132 4131 4128 4121 4116 4112 4097 4079 4076 4070 4069 4068 4055 4046 4031 4005 3999 3994 3981 3975 3956 3949 3942 3941 3932 3929 3924 3918 3916 3915 3890 3884 3875 3873 3855 3833 3815 3797 3791 3783 3781 3778 3774 3771 3767 3760 3746 3736 3735 3724 3687 3672 3668 3640 3632 3622 3615 3612 3601 3588 3585 3573 3568 3566 3564 3561 3553 3548 3535 3512 3484 3479 3473 3468 3462 3461 3446 3440 3424 3405 3388 3382 3376 3374 3372 3369 3353 3340 3314 3307 3304 3300 3281 3271 3269 3268 3267 3244 3240 3235 3210 3199 3192 3188 3184 3180 3178 3175 3170 3164 3160 3158 3154 3151 3144 3123 3121 3108 3105 3096 3094 3092 3084 3083 3074 3067 3044 3031 3022 3016 3007 2982 2977 2975 2967 2961 2954 2950 2939 2926 2904 2892 2882 2851 2850 2847 2841 2824 2817 2808 2800 2796 2785 2778 2761 2742 2740 2739 2729 2725 2724 2711 2693 2690 2685 2668 2666 2655 2653 2640 2635 2629 2622 2619 2618 2603 2594 2589 2586 2583 2582 2564 2563 2562 2559 2555 2554 2550 2544 2542 2536 2488 2484 2483 2480 2475 2474 2468 2460 2459 2434 2430 2425 2424 2420 2393 2389 2388 2377 2370 2359 2353 2334 2331 2325 2310 2295 2290 2269 2254 2252 2228 2226 2224 2217 2206 2199 2183 2161 2153 2150 2128 2121 2115 2113 2108 2107 2105 2100 2092 2086 2082 2081 2055 2053 2051 2048 2044 2033 2023 2011 1992 1988 1984 1980 1974 1972 1967 1965 1954 1946 1941 1938 1935 1922 1898 1878 1874 1864 1856 1850 1843 1840 1830 1821 1815 1812 1806 1794 1790 1780 1779 1774 1764 1761 1753 1750 1737 1727 1716 1713 1693 1691 1687 1671 1667 1639 1616 1598 1597 1587 1576 1567 1563 1562 1544 1534 1510 1488 1481 1473 1467 1455 1438 1435 1432 1411 1409 1380 1379 1370 1348 1347 1327 1318 1315 1314 1312 1291 1282 1279 1275 1267 1264 1258 1254 1253 1232 1228 1219 1202 1180 1164 1161 1148 1143 1112 1097 1095 1092 1082 1067 1063 1060 1042 1026 1017 1010 1004 994 976 964 943 938 931 928 920 916 912 909 907 898 895 874 870 867 847 826 825 819 812 811 809 806 803 802 799 789 785 769 765 743 739 734 706 702 698 697 675 668 644 626 607 598 589 586 584 569 565 562 545 538 531 522 519 501 457 452 450 433 432 428 425 420 415 382 373 367 324 317 313 309 296 295 286 262 258 245 240 239 235 227 221 186 158 157 145 141 124 112 110 107 76 51 13 3 
f: 17040 17019 16971 16948 16947 16943 16885 16866 16837 16818 16804 16770 16734 16707 16702 16669 16645 16637 16634 16594 16584 16577 16572 16566 16553 16550 16522 16516 16502 16486 16475 16471 16470 16461 16450 16448 16422 16413 16386 16380 16333 16329 16323 16315 16285 16275 16218 16188 16187 16158 16149 16144 16141 16052 16038 15985 15969 15948 15940 15933 15907 15892 15791 15788 15775 15768 15758 15740 15727 15726 15689 15683 15636 15605 15601 15585 15553 15544 15517 15497 15488 15469 15468 15441 15440 15426 15422 15419 15385 15365 15358 15341 15334 15309 15297 15257 15252 15247 15231 15220 15166 15153 15114 15079 15028 14987 14975 14945 14859 14855 14828 14815 14809 14772 14710 14709 14692 14691 14682 14657 14640 14599 14596 14586 14554 14553 14466 14459 14427 14404 14401 14359 14342 14328 14286 14265 14246 14223 14220 14207 14201 14198 14195 14184 14160 14159 14140 14139 14118 14112 14090 14066 14048 13984 13964 13944 13903 13811 13799 13753 13751 13739 13736 13677 13608 13587 13537 13535 13478 13467 13462 13420 13409 13396 13374 13367 13331 13304 13217 13210 13209 13205 13197 13147 13139 13106 13089 13031 12913 12897 12859 12841 12828 12804 12794 12772 12612 12596 12546 12535 12513 12503 12495 12420 12397 12389 12377 12368 12297 12293 12251 12220 12189 12118 12088 12035 12026 11980 11941 11927 11898 11884 11841 11831 11794 11752 11712 11680 11651 11637 11589 11576 11569 11550 11531 11495 11472 11433 11427 11415 11361 11353 11349 11334 11278 11190 11121 11100 11076 11036 11024 10997 10978 10951 10899 10895 10805 10738 10706 10689 10663 10659 10599 10588 10585 10582 10573 10566 10559 10533 10403 10394 10364 10199 10099 10092 10080 10045 10033 9990 9967 9945 9835 9804 9780 9772 9754 9752 9731 9694 9678 9630 9594 9578 9573 9550 9514 9489 9485 9444 9423 9376 9359 9352 9326 9304 9242 9212 9104 9067 9047 9014 8949 8881 8859 8658 8616 8608 8487 8477 8458 8405 8364 8290 8217 8190 8131 8076 8057 8027 7977 7940 7926 7830 7808 7788 7734 7724 7706 7704 7668 7604 7595 7559 7538 7516 7452 7421 7394 7342 7339 7332 7314 7301 7273 7233 7192 7187 7155 7142 7093 7036 7016 7003 6998 6977 6925 6865 6838 6787 6586 6387 6354 6332 6314 6310 6295 6263 6260 6255 6188 6165 6085 6081 6048 5973 5968 5961 5922 5885 5859 5851 5744 5699 5690 5686 5668 5644 5613 5609 5595 5585 5568 5566 5539 5518 5495 5477 5438 5422 5420 5347 5227 5213 5206 5171 5145 5117 5108 5053 5047 5025 4971 4953 4901 4882 4852 4851 4713 4698 4639 4619 4390 4383 4365 4348 4303 4260 4234 4223 4175 4174 4152 4143 4117 4021 4010 3959 3856 3782 3698 3655 3574 3569 3532 3518 3486 3404 3389 3339 3311 3282 3255 3224 3208 3176 3157 3150 3148 3147 3087 3061 3056 2995 2940 2893 2871 2859 2837 2764 2748 2737 2709 2656 2637 2624 2614 2607 2501 2485 2471 2449 2435 2368 2345 2328 2312 2302 2286 2281 2230 2018 1977 1970 1934 1929 1920 1893 1852 1842 1813 1789 1771 1752 1697 1623 1526 1521 1494 1487 1441 1440 1403 1336 1329 1294 1293 1261 1259 1229 1226 1153 1116 1064 1014 998 975 967 961 913 910 908 865 855 837 775 771 768 738 737 732 729 727 726 705 635 616 599 597 577 552 540 515 505 477 473 417 408 385 363 342 337 308 303 148 138 130 123 116 98 95 82 15 
g: 17037 17028 16966 16955 16932 16919 16915 16882 16852 16671 16666 16657 16650 16563 16540 16519 16513 16483 16476 16473 16458 16451 16444 16438 16437 16375 16373 16358 16347 16311 16291 16111 15997 15922 15913 15904 15828 15822 15799 15784 15772 15749 15745 15731 15673 15638 15598 15582 15541 15526 15502 15493 15479 15452 15428 15376 15354 15314 15271 15249 15218 15177 15162 15130 15074 15059 15047 15014 15007 15000 14989 14972 14942 14883 14861 14832 14818 14805 14792 14722 14706 14696 14677 14649 14604 14564 14543 14493 14480 14473 14461 14448 14422 14406 14380 14315 14310 14303 14289 14225 14179 14167 14004 13938 13585 13532 13483 13372 13361 13307 13249 13143 13004 12903 12819 12533 12373 12203 12113 12061 12040 12038 11933 11574 11351 11307 11263 11013 10963 10944 10048 10020 9976 9968 9654 9638 9558 9546 9289 9251 9025 8627 8446 8152 8136 8063 7645 7414 7324 7254 7182 6650 6343 6245 6207 6148 6096 5812 5525 5492 5380 5260 5256 5158 4896 4514 4209 4103 3820 3817 3803 3412 3343 3218 3215 2895 2672 2604 2318 1905 1240 1200 1098 1066 614 469 129 100 75 46 34 2 
h: 17057 17049 17043 17041 17030 17014 16950 16925 16822 16788 16494 16488 16408 16314 16273 15945 15778 15530 15529 15342 15340 15230 15209 15188 15097 14966 14798 14689 14500 14219 14203 14041 14017 14015 14008 13969 13865 13783 13641 13502 13193 13160 13099 13009 12868 12790 12681 12541 12493 12452 12434 12429 12291 12279 12269 12170 12156 12154 12151 12032 11997 11948 11919 11807 11691 11619 11469 11447 11411 11325 11314 11279 11249 11109 11028 11026 10950 10880 10822 10741 10729 10661 10604 10508 10374 10337 10275 10243 10096 9963 9829 9792 9788 9735 9438 9364 9353 9339 9182 9154 9102 9097 9088 9080 8996 8957 8837 8835 8822 8716 8647 8634 8587 8475 8445 8375 8334 8319 8260 8089 7851 7798 7415 7212 7210 7175 6953 6948 6809 6748 6704 6641 6509 6434 6239 6221 6007 6002 5912 5874 5862 5781 5616 5543 5517 5370 5285 5166 5064 5023 4993 4761 4654 4576 4574 4435 4406 4400 3964 3934 3926 3888 3763 3704 3664 3609 3604 3401 3393 3317 3310 3222 3059 2256 2215 2157 1950 1817 1736 1692 1571 1546 1498 1451 1418 1303 1182 1055 757 661 556 319 310 301 291 256 218 213 197 190 185 173 94 
i: 17029 17025 17024 16999 16991 16990 16983 16916 16900 16894 16849 16839 16784 16761 16747 16735 16732 16724 16715 16704 16690 16687 16660 16648 16631 16610 16607 16598 16587 16557 16555 16546 16523 16509 16503 16454 16415 16401 16394 16385 16376 16367 16328 16321 16294 16271 16267 16251 16236 16219 16212 16200 16178 16177 16164 16159 16138 16130 16126 16121 16105 16094 16089 16053 16039 16026 16017 16012 15995 15992 15988 15962 15938 15899 15861 15859 15849 15848 15818 15807 15792 15766 15759 15734 15703 15699 15696 15677 15656 15617 15590 15518 15432 15424 15413 15412 15367 15356 15343 15335 15325 15305 15298 15205 15180 15175 15173 15167 15117 15107 15090 15089 15087 15077 15072 15070 15061 15052 15048 15046 15027 15017 15015 14983 14956 14916 14903 14897 14893 14866 14857 14852 14820 14759 14751 14747 14746 14744 14742 14738 14734 14730 14728 14717 14680 14617 14609 14605 14600 14549 14546 14517 14514 14497 14442 14391 14351 14336 14325 14316 14287 14272 14271 14260 14224 14202 14121 14114 14053 14013 13990 13957 13928 13832 13797 13793 13592 13558 13548 13480 13469 13363 13354 13334 13301 13268 13239 13233 13206 12960 12902 12847 12843 12837 12724 12719 12645 12580 12484 12471 12239 12237 12232 12208 12146 12085 11999 11972 11956 11934 11909 11817 11801 11735 11717 11713 11602 11572 11566 11546 11535 11501 11496 11490 11453 11400 11395 11381 11247 11231 11191 11154 11106 11089 10955 10919 10914 10876 10819 10790 10773 10757 10751 10666 10655 10643 10622 10505 10491 10485 10481 10443 10433 10390 10379 10358 10268 10237 10229 10203 10201 10060 10029 9950 9883 9881 9873 9851 9809 9659 9604 9593 9555 9457 9435 9417 9408 9391 9385 9319 9252 9131 9035 9011 8911 8899 8876 8862 8782 8733 8685 8677 8590 8535 8526 8520 8416 8384 8317 8219 8134 8122 8119 8024 8022 7950 7922 7887 7811 7780 7759 7679 7654 7609 7599 7539 7532 7440 7261 7224 7219 7176 7133 7050 7014 6966 6946 6878 6877 6848 6764 6730 6723 6683 6556 6529 6433 6416 6366 6346 6301 6298 6296 6279 6256 6216 6076 6075 6071 6069 6046 5917 5871 5852 5798 5717 5694 5692 5675 5642 5558 5486 5460 5430 5406 5396 5282 5257 5221 5209 5126 5107 5055 5026 5016 4848 4814 4807 4778 4677 4621 4346 4276 4273 4202 4185 4154 4151 4136 4065 4022 4015 3988 3983 3977 3954 3919 3832 3819 3623 3587 3546 3527 3497 3403 3260 3248 3212 3064 3021 3001 2953 2946 2876 2815 2810 2766 2720 2703 2687 2643 2579 2539 2532 2504 2490 2481 2438 2429 2364 2349 2262 2246 2165 2136 2117 2096 2089 1999 1996 1936 1914 1734 1731 1604 1550 1542 1472 1459 1422 1397 1340 1280 1246 1155 1077 1027 1018 937 886 834 828 814 805 724 694 677 665 583 547 544 429 356 327 307 273 244 225 170 99 48 39 35 33 14 
j: 14171 13061 12990 12917 12213 12192 12028 11710 11441 11406 11029 10713 10618 10107 10030 9283 9222 8211 8188 8055 7637 7546 7404 7335 7177 7170 6568 6477 6052 5620 5060 4936 4790 4695 4690 4597 4516 4511 4243 4144 4130 4014 3982 3947 3914 3456 3447 2394 2248 1668 1628 1107 1059 462 372 161 152 60 8 
k: 16997 16829 16774 16174 14849 14829 
l: 17038 16960 16936 16872 16785 16741 16697 16667 16625 16618 16611 16606 16588 16582 16578 16564 16533 16520 16514 16484 16478 16459 16419 16322 16317 16249 16243 16224 16216 16206 16181 16151 16122 16090 16006 15982 15951 15939 15930 15905 15886 15846 15773 15639 15599 15583 15561 15542 15429 15315 15303 15250 15219 15214 15060 14990 14979 14912 14892 14881 14874 14862 14786 14758 14707 14669 14512 14462 14407 14402 14396 14296 14157 14153 14129 14123 14105 14047 14019 13867 13843 13805 13757 13712 13707 13695 13650 13577 13422 13347 13284 13273 13261 13145 13129 13095 13086 13016 13001 12987 12959 12892 12882 12854 12831 12736 12480 12411 12407 12399 12362 12341 12335 12303 12283 12174 12077 12059 12047 11967 11950 11900 11839 11822 11782 11709 11681 11598 11525 11444 11391 11363 11362 11289 11152 11063 10977 10941 10902 10873 10785 10627 10601 10547 10496 10441 10339 10296 10154 10101 10069 10056 10037 10026 9912 9891 9884 9726 9715 9625 9492 9281 9113 9107 8931 8826 8799 8780 8753 8725 8700 8557 8542 8463 8449 8340 8223 8127 7813 7735 7664 7658 7631 7573 7564 7531 7529 7464 7461 7458 7417 7310 7299 7229 7227 7114 7111 7081 7011 7008 6957 6950 6929 6924 6908 6893 6881 6861 6859 6798 6775 6758 6700 6675 6668 6631 6606 6524 6480 6380 6293 6262 6241 6105 5981 5918 5914 5887 5818 5795 5793 5761 5684 5657 5645 5594 5501 5489 5482 5474 5449 5375 5371 5365 5138 5120 5031 4887 4876 4766 4697 4691 4684 4579 4375 4349 4163 4135 4001 3858 3711 3675 3598 3578 3511 3482 3475 3373 3325 3264 3104 3099 3019 2984 2934 2925 2886 2875 2835 2825 2786 2768 2762 2727 2667 2665 2632 2573 2538 2455 2445 2320 2180 2162 2073 2031 2025 1887 1868 1839 1686 1634 1548 1517 1504 1415 1402 1215 1091 1035 859 854 792 773 709 559 467 389 384 343 332 247 177 143 140 69 47 
m: 17032 17016 17006 16923 16888 16857 16824 16772 16769 16766 16726 16718 16705 16688 16591 16538 16479 16397 16370 16350 16240 16238 16185 16134 16108 16082 16066 16063 16061 16034 15869 15840 15837 15833 15777 15763 15687 15659 15641 15609 15574 15547 15507 15464 15423 15402 15395 15380 15329 15318 15193 15139 15044 14991 14946 14894 14806 14647 14610 14582 14532 14423 14382 14376 14374 14355 14321 14251 14226 14209 14182 14172 14169 14145 14143 14120 14102 14096 14087 14078 14065 14057 14034 14030 14016 14010 14002 14001 13973 13967 13949 13943 13933 13931 13921 13895 13885 13875 13859 13842 13835 13831 13827 13804 13780 13774 13767 13756 13702 13648 13639 13560 13551 13534 13511 13499 13472 13460 13459 13446 13427 13417 13407 13399 13388 13336 13326 13300 13283 13263 13254 13248 13247 13240 13226 13221 13212 13208 13200 13175 13159 13156 13152 13132 13130 13128 13120 13107 13100 13081 13045 13030 13003 12964 12941 12935 12923 12918 12909 12906 12895 12891 12879 12856 12840 12795 12774 12769 12759 12748 12744 12733 12720 12711 12705 12696 12670 12666 12655 12623 12618 12610 12598 12589 12557 12545 12540 12530 12523 12519 12517 12487 12483 12470 12461 12455 12447 12435 12417 12401 12383 12382 12315 12311 12306 12305 12299 12295 12272 12243 12236 12221 12215 12200 12191 12184 12178 12177 12163 12153 12141 12130 12119 12083 12069 12023 11970 11952 11945 11940 11937 11876 11866 11850 11811 11781 11770 11740 11721 11716 11714 11683 11676 11647 11611 11592 11563 11551 11544 11541 11522 11519 11511 11503 11500 11487 11461 11439 11405 11393 11386 11340 11319 11310 11301 11228 11226 11210 11208 11198 11184 11180 11170 11139 11128 11111 11094 11081 11067 11039 11032 10989 10974 10965 10960 10946 10935 10932 10917 10910 10883 10875 10869 10864 10859 10856 10847 10837 10836 10816 10795 10794 10792 10769 10764 10753 10750 10746 10702 10699 10682 10675 10653 10647 10624 10614 10608 10557 10550 10540 10494 10487 10451 10450 10446 10439 10406 10369 10357 10351 10344 10342 10334 10332 10320 10306 10262 10236 10230 10223 10214 10211 10197 10177 10174 10167 10161 10156 10148 10130 10120 10103 10090 10077 10065 10064 10023 10015 10001 9989 9979 9965 9948 9946 9921 9914 9907 9900 9869 9861 9841 9832 9817 9814 9808 9805 9797 9785 9779 9777 9721 9670 9662 9628 9614 9576 9548 9528 9503 9496 9487 9458 9451 9447 9413 9407 9340 9315 9311 9306 9279 9259 9235 9228 9221 9184 9173 9139 9119 9109 9094 9075 9064 9060 9040 9036 9028 9017 9013 9010 9005 8940 8937 8933 8919 8854 8806 8801 8796 8792 8789 8752 8711 8703 8657 8648 8642 8611 8602 8596 8572 8559 8556 8550 8527 8515 8505 8497 8469 8462 8459 8455 8444 8441 8439 8420 8382 8377 8367 8354 8339 8309 8300 8296 8292 8288 8281 8278 8272 8269 8264 8253 8237 8229 8214 8195 8193 8185 8180 8176 8161 8159 8153 8150 8121 8120 8097 8087 8054 8020 8016 8014 8011 8005 8001 7991 7982 7969 7966 7953 7952 7945 7939 7923 7921 7902 7894 7871 7868 7865 7861 7853 7832 7815 7803 7797 7784 7740 7713 7708 7703 7692 7682 7681 7678 7670 7667 7651 7641 7636 7632 7580 7572 7569 7563 7550 7548 7510 7506 7505 7489 7480 7473 7469 7449 7442 7435 7408 7377 7359 7358 7346 7334 7287 7263 7250 7242 7241 7214 7197 7193 7189 7188 7184 7164 7149 7145 7141 7130 7126 7102 7092 7088 7083 7071 7067 7062 7058 7035 7013 6995 6991 6987 6982 6962 6934 6923 6911 6910 6876 6873 6856 6853 6851 6837 6836 6833 6807 6786 6785 6771 6770 6760 6741 6726 6717 6699 6694 6693 6691 6680 6679 6664 6663 6648 6639 6628 6624 6617 6589 6588 6566 6563 6558 6552 6533 6520 6514 6503 6489 6484 6475 6471 6460 6414 6413 6395 6386 6383 6375 6372 6365 6358 6357 6345 6341 6340 6325 6312 6303 6292 6275 6244 6240 6232 6225 6214 6198 6181 6178 6177 6176 6161 6151 6135 6119 6111 6107 6100 6088 6074 6068 6062 6060 6043 6041 6040 6039 6037 6025 6016 6012 6004 5996 5991 5960 5956 5953 5937 5929 5904 5898 5884 5870 5855 5848 5806 5791 5757 5731 5721 5713 5707 5704 5640 5619 5591 5577 5497 5459 5457 5429 5414 5405 5390 5386 5385 5378 5349 5348 5346 5345 5342 5333 5324 5308 5292 5243 5240 5216 5207 5195 5143 5128 5110 5097 5079 5072 5063 5038 5010 4967 4964 4954 4938 4931 4916 4914 4905 4899 4890 4847 4845 4840 4821 4804 4801 4797 4792 4769 4760 4753 4745 4735 4726 4725 4720 4715 4712 4700 4687 4675 4666 4660 4624 4575 4572 4569 4563 4522 4517 4495 4475 4463 4449 4428 4398 4386 4384 4378 4369 4361 4352 4347 4333 4324 4313 4310 4292 4287 4275 4270 4261 4255 4225 4196 4179 4114 4102 4098 4082 4048 4043 4032 4024 4023 3998 3958 3951 3946 3943 3939 3911 3909 3905 3898 3880 3874 3853 3841 3837 3827 3810 3801 3799 3796 3773 3745 3714 3680 3658 3656 3651 3637 3628 3627 3619 3608 3603 3597 3594 3583 3582 3575 3559 3555 3549 3538 3531 3523 3509 3496 3472 3457 3428 3423 3400 3397 3394 3349 3338 3333 3323 3291 3284 3280 3278 3262 3251 3247 3242 3232 3230 3227 3216 3186 3169 3152 3138 3101 3098 3079 3072 3065 3053 3042 3039 3038 3036 2999 2986 2968 2963 2932 2928 2918 2891 2884 2878 2858 2853 2833 2813 2755 2735 2733 2713 2689 2641 2636 2631 2611 2606 2601 2591 2584 2581 2571 2561 2552 2546 2531 2527 2487 2457 2444 2441 2437 2419 2409 2391 2316 2309 2307 2298 2285 2282 2278 2276 2267 2234 2212 2205 2192 2177 2173 2171 2143 2139 2134 2132 2119 2111 2110 2103 2094 2079 2061 2043 2040 2009 1998 1979 1976 1973 1928 1924 1871 1860 1859 1851 1847 1829 1818 1802 1801 1782 1768 1729 1726 1724 1698 1695 1688 1670 1659 1655 1653 1645 1637 1630 1610 1595 1593 1580 1575 1537 1496 1479 1471 1457 1429 1401 1392 1384 1375 1365 1362 1355 1352 1326 1320 1298 1288 1284 1222 1194 1192 1166 1127 1124 1118 1109 1105 1090 1083 1050 1036 1021 1003 991 987 958 948 939 919 915 891 887 873 839 824 822 818 800 782 770 749 747 744 716 712 711 692 687 681 679 672 666 655 630 604 582 579 575 570 567 561 551 536 529 527 517 510 500 498 488 471 464 456 449 446 437 405 377 366 346 331 320 315 293 282 268 252 241 229 224 220 215 191 182 180 163 156 151 131 101 84 78 61 58 31 9 6 
n: 17059 17055 17046 16996 16995 16989 16961 16896 16831 16823 16815 16789 16781 16758 16692 16652 16614 16605 16556 16525 16431 16399 16261 16195 16180 16169 15998 15980 15949 15946 15845 15629 15615 15437 15382 15331 15274 15240 15086 15083 15040 15035 14947 14833 14765 14725 14570 14520 14360 14339 14322 14253 14187 14144 14142 14117 14109 14107 14094 14077 14067 14061 14021 13963 13958 13941 13915 13882 13878 13854 13795 13794 13781 13779 13771 13770 13734 13731 13704 13691 13688 13684 13672 13644 13632 13618 13612 13611 13595 13581 13579 13566 13557 13521 13515 13513 13494 13491 13487 13473 13468 13447 13441 13358 13335 13313 13308 13292 13222 13219 13204 13087 13060 13050 13041 13038 13022 12963 12939 12930 12920 12914 12850 12834 12829 12817 12801 12784 12747 12732 12730 12710 12665 12629 12622 12617 12607 12582 12563 12548 12518 12428 12398 12355 12344 12316 12278 12241 12214 12148 12140 12110 12108 12101 12075 12031 12016 11935 11893 11887 11865 11863 11854 11836 11823 11808 11802 11765 11756 11736 11715 11674 11658 11655 11646 11638 11620 11616 11605 11524 11474 11467 11377 11374 11360 11357 11356 11348 11344 11328 11298 11267 11262 11221 11197 11183 11178 11158 11146 11108 11101 11066 11047 11006 10972 10969 10949 10948 10938 10937 10928 10901 10879 10870 10855 10833 10824 10782 10731 10726 10709 10705 10646 10645 10600 10593 10545 10524 10517 10498 10479 10421 10409 10384 10381 10350 10331 10277 10226 10196 10192 10183 10171 10116 10086 10079 10073 10052 10035 10012 10009 10000 9997 9980 9960 9947 9944 9931 9929 9910 9906 9905 9889 9887 9863 9840 9778 9760 9703 9681 9665 9653 9621 9572 9495 9469 9449 9411 9343 9330 9296 9231 9217 9144 9125 9098 9066 9059 9048 9039 9006 9003 9001 8956 8950 8948 8923 8907 8906 8900 8898 8874 8866 8840 8823 8816 8793 8589 8586 8583 8571 8541 8533 8414 8386 8343 8327 8304 8263 8226 8174 8172 8123 8117 8075 8038 8033 8015 8007 7994 7985 7971 7968 7965 7962 7951 7942 7907 7891 7877 7858 7840 7817 7742 7715 7695 7686 7660 7652 7650 7640 7622 7589 7571 7522 7517 7502 7465 7434 7419 7409 7371 7338 7311 7201 7179 7122 7108 7101 7099 7077 7054 7044 6951 6902 6854 6849 6844 6842 6816 6804 6791 6789 6788 6757 6750 6744 6735 6724 6721 6678 6670 6585 6557 6548 6544 6534 6500 6483 6482 6474 6468 6425 6421 6408 6381 6305 6288 6286 6270 6206 6204 6197 6186 6183 6174 6138 6087 6019 5947 5910 5892 5890 5841 5813 5789 5782 5758 5750 5748 5723 5701 5691 5680 5664 5661 5628 5541 5538 5513 5494 5480 5358 5338 5307 5303 5283 5273 5122 5088 5075 5037 4968 4957 4956 4935 4922 4837 4818 4811 4759 4747 4729 4708 4703 4685 4674 4669 4667 4659 4614 4607 4571 4547 4537 4529 4521 4491 4472 4441 4422 4419 4307 4254 4246 4229 4226 4189 4110 4078 4073 4067 4034 4027 4006 3969 3938 3933 3931 3901 3847 3825 3779 3775 3759 3710 3684 3682 3679 3576 3562 3554 3513 3508 3490 3478 3450 3435 3433 3396 3366 3309 3256 3241 3198 3117 3115 3080 3047 3041 3003 2991 2985 2958 2947 2912 2910 2907 2899 2866 2855 2848 2779 2751 2694 2644 2525 2486 2465 2408 2390 2344 2327 2319 2303 2293 2283 2247 2229 2218 2198 2195 2189 2186 2146 2099 2032 2024 2001 1989 1962 1953 1923 1919 1916 1912 1904 1880 1870 1862 1849 1846 1816 1791 1766 1763 1762 1725 1700 1644 1636 1621 1577 1525 1516 1501 1468 1447 1421 1420 1417 1364 1321 1310 1295 1152 1150 1144 1142 1061 1040 1032 945 911 896 879 875 871 821 788 778 772 761 700 663 651 628 618 516 511 487 445 435 422 421 305 280 248 232 219 187 137 114 27 22 
o: 17053 17045 17010 16976 16969 16962 16958 16937 16934 16929 16928 16902 16898 16897 16875 16867 16863 16846 16830 16802 16798 16793 16751 16716 16713 16693 16689 16686 16641 16609 16586 16552 16537 16534 16530 16418 16409 16407 16404 16396 16395 16392 16382 16371 16353 16351 16344 16342 16340 16337 16331 16327 16309 16289 16283 16281 16278 16257 16254 16252 16242 16225 16215 16210 16207 16205 16202 16198 16186 16184 16176 16172 16170 16155 16153 16142 16123 16115 16102 16091 16073 16058 16032 16024 16010 16008 16002 15999 15991 15972 15957 15955 15953 15917 15910 15909 15896 15894 15889 15878 15873 15868 15867 15864 15858 15857 15850 15834 15811 15781 15780 15764 15752 15750 15748 15741 15729 15723 15721 15714 15712 15692 15685 15671 15669 15664 15652 15648 15634 15624 15607 15556 15523 15522 15519 15500 15491 15489 15476 15472 15471 15460 15448 15418 15417 15414 15409 15404 15403 15400 15396 15386 15374 15372 15369 15364 15363 15359 15351 15348 15339 15332 15311 15304 15287 15284 15279 15266 15264 15261 15255 15244 15242 15235 15227 15185 15170 15156 15151 15150 15145 15135 15133 15121 15115 15094 15066 15065 15056 15050 15031 15023 15009 15003 14997 14982 14981 14959 14953 14940 14938 14935 14930 14921 14913 14906 14901 14875 14870 14845 14825 14807 14795 14782 14777 14720 14713 14711 14685 14670 14659 14634 14615 14614 14611 14589 14583 14578 14559 14558 14555 14541 14537 14528 14510 14490 14486 14475 14468 14467 14457 14439 14434 14429 14424 14414 14366 14344 14294 14291 14255 14254 14238 14237 14214 14196 14189 14176 14165 14151 14136 14131 14110 14076 13983 13980 13972 13919 13881 13877 13860 13853 13847 13787 13765 13760 13755 13746 13686 13671 13659 13609 13594 13573 13543 13454 13439 13435 13360 13346 13288 13198 13158 13144 13141 13122 13118 13098 13092 13079 13078 13070 13065 13051 13046 13044 13012 12995 12988 12981 12894 12862 12832 12809 12793 12651 12620 12602 12572 12566 12528 12516 12500 12498 12486 12473 12472 12456 12454 12449 12431 12425 12405 12395 12392 12381 12369 12339 12336 12328 12320 12319 12284 12282 12281 12276 12275 12230 12183 12114 12107 12094 12089 12073 12058 12045 12034 12033 12018 11987 11957 11918 11913 11908 11879 11849 11780 11761 11757 11747 11738 11732 11693 11690 11664 11653 11652 11639 11635 11632 11618 11601 11586 11578 11545 11477 11466 11462 11449 11446 11401 11370 11337 11320 11316 11312 11293 11292 11272 11246 11174 11155 11148 11142 11138 11136 11130 11099 11098 11096 11069 11054 11048 11020 11009 11003 10988 10970 10959 10958 10907 10835 10826 10821 10781 10777 10745 10727 10685 10656 10649 10639 10632 10611 10598 10597 10581 10577 10554 10552 10549 10539 10530 10529 10511 10484 10483 10464 10418 10405 10389 10363 10343 10316 10293 10285 10254 10232 10221 10220 10182 10181 10173 10142 10122 10082 10071 10041 10032 10021 9973 9952 9936 9880 9875 9816 9811 9799 9798 9795 9791 9787 9784 9782 9764 9751 9750 9747 9739 9738 9722 9711 9696 9680 9673 9640 9636 9632 9631 9583 9579 9564 9545 9539 9506 9479 9474 9448 9428 9402 9384 9381 9380 9372 9363 9341 9307 9292 9269 9215 9208 9206 9201 9192 9186 9181 9159 9133 9115 9114 9096 9083 9072 9053 9052 9021 9012 8986 8945 8932 8918 8870 8864 8851 8843 8838 8814 8810 8788 8755 8731 8710 8707 8702 8689 8661 8653 8652 8643 8633 8629 8619 8588 8582 8577 8562 8561 8551 8540 8539 8536 8465 8461 8460 8432 8402 8401 8396 8381 8366 8356 8328 8287 8277 8244 8238 8158 8151 8139 8086 8071 8070 8058 8050 7993 7975 7937 7914 7880 7876 7875 7872 7837 7789 7765 7730 7712 7707 7683 7674 7666 7663 7627 7611 7549 7533 7523 7518 7509 7444 7399 7381 7317 7308 7249 7206 7181 7135 7051 7024 7020 6988 6971 6943 6942 6938 6933 6922 6917 6898 6886 6868 6864 6824 6795 6794 6783 6780 6774 6768 6767 6759 6747 6725 6712 6630 6560 6550 6542 6532 6528 6508 6490 6486 6485 6466 6436 6398 6371 6334 6309 6274 6237 6236 6217 6167 6150 6127 6114 6063 6059 6058 6055 6024 5988 5964 5955 5881 5875 5861 5847 5845 5809 5754 5730 5679 5676 5602 5597 5596 5562 5549 5516 5506 5500 5493 5487 5469 5464 5436 5411 5374 5369 5320 5317 5269 5265 5194 5163 5113 5078 5076 5066 5062 4983 4976 4966 4963 4959 4911 4908 4883 4870 4826 4786 4741 4704 4701 4641 4638 4627 4622 4601 4568 4550 4525 4471 4458 4433 4416 4403 4379 4376 4371 4337 4319 4312 4309 4286 4266 4221 4201 4181 4149 4138 4106 4101 4092 4091 4052 4042 4007 3987 3984 3967 3950 3894 3878 3872 3864 3834 3816 3764 3693 3678 3660 3650 3626 3602 3593 3550 3541 3498 3464 3448 3421 3414 3399 3391 3387 3379 3363 3347 3345 3328 3302 3275 3266 3261 3259 3229 3217 3172 3168 3135 3102 3077 3066 3054 3050 3032 2971 2941 2923 2873 2869 2856 2829 2827 2816 2789 2788 2783 2782 2747 2731 2730 2671 2657 2572 2567 2517 2516 2509 2499 2479 2476 2431 2412 2378 2362 2358 2350 2311 2305 2288 2280 2271 2266 2240 2237 2225 2194 2164 2148 2138 2133 2097 2060 2017 2002 1985 1975 1910 1901 1896 1889 1879 1844 1809 1803 1699 1663 1606 1555 1530 1469 1462 1448 1443 1405 1393 1389 1377 1363 1345 1342 1341 1337 1333 1332 1238 1225 1213 1196 1177 1174 1171 1140 1137 1113 1103 1048 1024 1020 1013 995 989 932 917 905 846 823 794 751 735 683 676 650 639 625 601 560 554 495 490 478 463 460 455 413 404 401 393 374 370 365 359 351 336 330 323 322 311 298 285 283 255 223 222 214 212 206 205 165 136 135 89 72 53 52 43 37 18 4 
p: 17044 17036 17027 17017 17007 17004 17003 16981 16973 16965 16954 16951 16931 16922 16918 16910 16903 16884 16881 16878 16832 16806 16767 16723 16694 16680 16670 16665 16642 16585 16574 16562 16526 16518 16512 16504 16482 16472 16469 16465 16457 16443 16436 16425 16414 16374 16372 16357 16346 16310 16306 16305 16290 16287 16265 16256 16244 16190 16165 16160 16146 16104 16101 16085 16076 16072 16060 16047 16037 16001 15990 15963 15961 15921 15918 15912 15903 15900 15860 15827 15821 15815 15814 15798 15783 15771 15765 15744 15730 15688 15680 15676 15672 15658 15655 15637 15610 15603 15597 15581 15570 15566 15564 15559 15549 15546 15540 15537 15525 15501 15494 15485 15482 15478 15473 15458 15451 15446 15433 15427 15391 15375 15371 15353 15345 15338 15333 15313 15299 15292 15286 15277 15270 15260 15248 15226 15223 15217 15197 15184 15181 15176 15168 15161 15152 15146 15129 15122 15112 15093 15091 15081 15073 15058 15020 15013 15006 14999 14993 14988 14971 14941 14928 14877 14860 14831 14817 14808 14804 14791 14775 14770 14749 14736 14721 14712 14705 14700 14695 14690 14676 14663 14648 14625 14601 14594 14588 14563 14551 14548 14542 14515 14492 14489 14479 14460 14447 14425 14421 14419 14408 14405 14387 14384 14378 14370 14362 14335 14314 14309 14307 14302 14293 14280 14277 14249 14247 14236 14222 14216 14204 14178 14166 14113 14092 14085 14079 14070 14068 14043 14031 14014 14011 14006 13999 13994 13991 13986 13977 13976 13971 13962 13954 13946 13935 13930 13917 13912 13904 13893 13891 13886 13883 13850 13849 13816 13782 13777 13775 13759 13726 13719 13714 13680 13666 13664 13636 13630 13607 13606 13596 13589 13567 13561 13538 13525 13510 13484 13474 13458 13456 13443 13415 13414 13390 13387 13370 13368 13356 13339 13327 13315 13297 13289 13280 13257 13252 13237 13188 13184 13176 13169 13151 13121 13104 13090 13059 13054 13034 12994 12993 12962 12943 12932 12899 12874 12863 12855 12846 12830 12806 12796 12787 12785 12783 12773 12761 12699 12679 12674 12673 12661 12660 12640 12634 12613 12606 12604 12597 12584 12554 12514 12504 12496 12464 12460 12444 12436 12426 12400 12350 12332 12329 12324 12317 12309 12304 12288 12286 12253 12252 12248 12234 12231 12223 12219 12186 12185 12167 12160 12155 12147 12142 12120 12117 12115 12105 12091 12074 12003 11998 11994 11959 11954 11942 11938 11923 11904 11894 11872 11858 11838 11819 11815 11810 11804 11795 11790 11787 11778 11769 11766 11763 11746 11745 11743 11739 11697 11684 11654 11644 11641 11625 11621 11610 11587 11581 11557 11554 11543 11539 11529 11517 11506 11484 11450 11424 11417 11404 11373 11371 11352 11347 11345 11313 11283 11282 11268 11259 11258 11236 11223 11220 11211 11207 11205 11202 11159 11156 11129 11123 11120 11118 11114 11093 11088 11070 11055 11052 11021 11017 11004 10992 10982 10947 10943 10925 10912 10909 10904 10898 10871 10848 10846 10839 10812 10801 10768 10759 10743 10734 10723 10688 10683 10677 10629 10612 10594 10580 10572 10569 10556 10542 10500 10452 10445 10442 10432 10410 10407 10402 10399 10391 10367 10360 10345 10335 10326 10321 10311 10309 10307 10303 10287 10278 10184 10146 10138 10132 10119 10102 10098 10095 10094 10078 10068 10062 10061 10057 10038 10034 10025 10017 9995 9991 9988 9975 9956 9903 9893 9892 9886 9874 9854 9850 9845 9838 9834 9824 9789 9786 9771 9770 9768 9732 9727 9708 9689 9686 9671 9660 9657 9649 9646 9642 9606 9600 9589 9584 9557 9543 9540 9536 9507 9498 9497 9483 9459 9433 9429 9426 9414 9390 9382 9377 9357 9350 9335 9334 9331 9282 9270 9263 9250 9246 9240 9210 9199 9193 9178 9174 9170 9163 9152 9150 9132 9112 9089 9078 9054 9051 9037 9026 8997 8990 8984 8978 8968 8966 8961 8930 8912 8909 8904 8846 8844 8833 8819 8818 8817 8785 8773 8737 8717 8714 8712 8708 8687 8672 8668 8656 8641 8640 8631 8600 8592 8563 8552 8546 8544 8532 8521 8500 8494 8489 8451 8438 8404 8399 8394 8388 8385 8352 8345 8344 8323 8321 8320 8318 8316 8297 8295 8294 8275 8234 8221 8212 8209 8173 8149 8140 8137 8135 8133 8118 8115 8109 8108 8102 8094 8081 8064 8060 8048 8039 8030 8003 7988 7981 7978 7927 7909 7889 7888 7881 7854 7846 7838 7833 7823 7818 7806 7801 7796 7791 7787 7779 7773 7756 7755 7738 7716 7699 7689 7669 7624 7601 7586 7577 7488 7485 7475 7470 7437 7433 7423 7413 7388 7372 7367 7344 7315 7298 7292 7288 7281 7274 7268 7253 7238 7234 7230 7215 7213 7207 7198 7173 7158 7154 7150 7138 7104 7069 7063 7057 7041 7037 7033 7021 7002 6944 6939 6895 6890 6866 6855 6813 6810 6781 6769 6762 6754 6749 6745 6743 6731 6707 6649 6643 6622 6613 6600 6599 6581 6538 6527 6513 6510 6476 6465 6447 6415 6411 6397 6393 6391 6390 6370 6363 6339 6299 6287 6261 6223 6209 6208 6190 6159 6142 6139 6136 6124 6109 6078 6066 6020 6014 5977 5975 5949 5945 5944 5941 5908 5889 5867 5866 5850 5849 5842 5825 5779 5772 5763 5747 5742 5741 5728 5727 5726 5720 5709 5706 5677 5665 5656 5643 5637 5606 5584 5439 5427 5401 5394 5387 5384 5366 5360 5334 5318 5315 5311 5262 5241 5226 5225 5217 5187 5185 5162 5157 5068 5065 5061 5048 5044 5021 5007 4980 4975 4969 4877 4875 4872 4869 4835 4819 4816 4800 4773 4744 4738 4734 4723 4717 4714 4702 4692 4686 4642 4640 4636 4629 4626 4603 4595 4589 4566 4551 4544 4534 4528 4523 4497 4488 4479 4476 4474 4473 4455 4446 4431 4404 4381 4370 4355 4343 4341 4331 4328 4323 4321 4314 4302 4289 4252 4248 4238 4236 4231 4230 4197 4180 4173 4158 4133 4125 4120 4109 4095 4087 4083 4075 4057 4041 4033 4025 3990 3979 3960 3923 3910 3903 3886 3867 3866 3863 3857 3846 3842 3828 3805 3794 3788 3780 3770 3769 3768 3749 3729 3726 3716 3712 3706 3705 3703 3699 3697 3689 3671 3577 3542 3520 3519 3504 3469 3459 3442 3432 3408 3352 3292 3283 3272 3265 3258 3200 3193 3187 3177 3137 3134 3130 3112 3088 3076 3058 3043 3024 3018 2989 2976 2970 2957 2927 2919 2916 2879 2867 2820 2811 2767 2743 2741 2705 2704 2688 2684 2676 2658 2645 2638 2634 2560 2549 2540 2524 2518 2513 2512 2505 2466 2446 2428 2418 2415 2405 2401 2385 2374 2367 2361 2355 2352 2340 2337 2317 2296 2287 2244 2243 2238 2235 2211 2200 2193 2185 2182 2149 2145 2131 2122 2087 2085 2070 2066 2065 2063 2057 2045 2041 2022 2016 1997 1981 1937 1918 1900 1897 1895 1884 1883 1869 1866 1863 1841 1765 1751 1735 1733 1702 1694 1690 1678 1677 1665 1664 1627 1619 1617 1599 1590 1586 1568 1556 1554 1545 1514 1509 1497 1491 1486 1484 1480 1478 1463 1452 1426 1391 1382 1359 1343 1325 1323 1305 1278 1265 1263 1249 1248 1247 1212 1184 1175 1159 1136 1134 1117 1111 1110 1106 1081 1073 1043 1033 1028 1025 1019 1007 997 984 980 978 973 970 956 949 934 901 889 861 851 841 793 762 755 750 693 680 678 669 641 640 638 622 605 602 600 591 585 581 563 549 539 537 524 518 499 481 470 465 444 406 403 391 387 375 333 297 271 267 249 230 216 203 181 97 91 79 74 70 45 1 
q: 14104 14086 14081 14074 14072 14023 14022 14018 13992 13926 13872 13866 13851 13834 13829 13821 13819 13813 13778 13769 13733 13703 13700 13687 13683 13678 13645 13640 13617 13602 13553 13533 13530 13461 13457 13452 13440 13419 13400 13386 13357 13340 13328 13298 13250 13245 13234 13224 13215 13133 13119 13101 13083 13026 13017 13010 12967 12966 12951 12911 12905 12877 12871 12848 12838 12836 12825 12813 12799 12778 12771 12760 12729 12716 12687 12669 12658 12643 12637 12595 12564 12561 12544 12538 12529 12522 12511 12502 12494 12466 12462 12419 12361 12353 12340 12302 12294 12280 12247 12222 12212 12207 12164 12150 12144 12135 12086 12065 12042 12022 11996 11966 11902 11892 11875 11873 11864 11805 11798 11789 11774 11764 11751 11719 11711 11699 11688 11640 11636 11617 11603 11588 11575 11568 11560 11555 11499 11486 11423 11414 11409 11402 11399 11394 11385 11369 11364 11342 11309 11308 11295 11286 11277 11270 11257 11243 11225 11212 11186 11176 11126 11105 11080 11057 11043 11030 10993 10976 10968 10964 10931 10905 10893 10838 10832 10823 10820 10808 10802 10767 10740 10718 10704 10696 10679 10654 10635 10630 10570 10537 10527 10492 10486 10470 10457 10456 10423 10385 10361 10349 10319 10313 10294 10276 10260 10240 10207 10206 10180 10169 10145 10141 10136 10128 10112 10108 10046 10043 10018 10002 9986 9974 9954 9926 9902 9897 9894 9882 9871 9859 9793 9773 9763 9757 9746 9742 9724 9661 9607 9590 9554 9519 9513 9504 9471 9460 9445 9437 9434 9424 9420 9415 9406 9398 9393 9383 9371 9338 9324 9317 9314 9301 9288 9264 9237 9234 9219 9197 9194 9158 9108 9106 9087 9074 9055 9009 9002 8995 8964 8883 8869 8863 8857 8820 8803 8779 8722 8675 8671 8655 8646 8637 8630 8623 8594 8591 8538 8512 8506 8496 8433 8421 8379 8370 8358 8347 8342 8333 8310 8305 8302 8299 8280 8259 8256 8224 8218 8210 8189 8178 8171 8164 8147 8126 8073 8056 8032 8012 7955 7944 7938 7895 7890 7860 7843 7834 7825 7805 7793 7782 7772 7763 7744 7743 7736 7729 7720 7694 7665 7638 7620 7597 7593 7588 7581 7570 7543 7540 7526 7519 7508 7501 7496 7495 7490 7411 7396 7374 7364 7361 7353 7347 7343 7333 7282 7258 7245 7228 7223 7211 7200 7185 7148 7136 7059 7047 7042 7038 7034 7012 7004 6973 6949 6921 6896 6887 6874 6860 6852 6841 6827 6821 6814 6806 6772 6756 6733 6710 6687 6682 6677 6672 6669 6647 6608 6591 6584 6564 6554 6551 6539 6522 6494 6478 6456 6450 6448 6444 6437 6428 6407 6402 6389 6359 6353 6342 6302 6280 6272 6267 6257 6222 6196 6192 6175 6170 6160 6133 6117 6095 6080 6064 6057 6050 6036 6009 5989 5980 5946 5899 5882 5831 5810 5802 5787 5785 5784 5771 5752 5700 5660 5654 5639 5633 5544 5527 5504 5485 5478 5465 5454 5444 5433 5382 5357 5353 5341 5340 5335 5328 5319 5310 5302 5288 5270 5266 5247 5242 5170 5133 5099 5081 5050 5040 5034 5030 5013 4996 4991 4984 4961 4960 4944 4937 4923 4915 4904 4817 4803 4779 4710 4699 4696 4673 4665 4652 4646 4591 4585 4577 4559 4526 4484 4469 4460 4452 4442 4429 4414 4405 4391 4377 4366 4350 4344 4340 4335 4327 4316 4295 4283 4272 4269 4249 4232 4220 4199 4194 4183 4171 4167 4164 4160 4156 4150 4100 4086 4016 4009 3978 3948 3937 3930 3920 3906 3891 3883 3849 3840 3821 3772 3766 3725 3713 3688 3681 3667 3625 3596 3572 3558 3551 3547 3545 3534 3515 3501 3492 3476 3466 3455 3441 3392 3367 3356 3326 3254 3211 3209 3201 3190 3159 3153 3149 3143 3136 3129 3119 3107 3100 3071 3062 3033 3025 3015 2998 2981 2969 2965 2964 2943 2942 2938 2898 2889 2888 2857 2838 2807 2797 2790 2784 2749 2692 2654 2628 2602 2595 2578 2442 2436 2423 2417 2407 2382 2380 2356 2335 2315 2259 2249 2227 2209 2169 2158 2127 2109 2091 2069 2029 1964 1951 1926 1915 1902 1899 1888 1867 1865 1861 1835 1819 1808 1773 1741 1730 1719 1696 1676 1666 1649 1642 1631 1625 1620 1615 1609 1581 1572 1547 1543 1515 1499 1439 1423 1396 1371 1351 1328 1307 1304 1260 1244 1237 1224 1220 1188 1151 1141 1100 1085 1070 1045 1039 962 935 878 848 810 798 786 758 752 745 717 703 699 688 673 648 633 615 596 592 571 532 528 521 508 497 474 454 418 380 361 349 288 276 274 254 231 217 210 176 120 
r: 16865 16827 16790 16778 16756 16742 16706 16547 16447 16435 16387 16264 16156 16154 16152 16137 16125 16117 16096 16093 16087 16064 16055 16049 16031 16029 16025 16011 16009 16007 15947 15897 15895 15881 15810 15713 15706 15694 15684 15647 15642 15625 15606 15569 15568 15562 15545 15534 15487 15467 15408 15280 15245 15144 15120 15051 15041 14969 14967 14948 14794 14789 14768 14607 14585 14536 14501 14485 14478 14409 14399 14390 14372 14369 14350 14333 14318 14284 14282 14242 14234 14206 14116 14099 13978 13947 13920 13906 13888 13863 13789 13732 13715 13668 13656 13651 13621 13575 13569 13527 13519 13501 13437 13425 13380 13371 13338 13329 13320 13312 13270 13258 13178 13150 13116 13066 13053 12955 12950 12915 12839 12738 12721 12692 12653 12603 12592 12475 12432 12384 12376 12229 12197 12131 12095 12080 12071 12066 12019 12001 11984 11977 11965 11830 11791 11748 11733 11724 11696 11666 11613 11564 11534 11520 11475 11323 11219 11175 11161 11134 11082 11073 11034 10981 10854 10694 10616 10592 10543 10514 10501 10426 10417 10348 10330 10305 10282 10252 10234 10004 9959 9957 9802 9616 9599 9565 9556 9541 9521 9515 9454 9422 9349 9312 9287 9267 9241 9226 9180 9164 9142 9130 9042 8998 8944 8871 8739 8721 8620 8498 8440 8424 8408 8311 8303 8270 8082 8078 8006 7835 7819 7771 7655 7578 7537 7534 7482 7400 7390 7195 7162 7107 7032 7029 6932 6927 6915 6884 6659 6634 6545 6308 6266 6250 6201 6195 6035 5966 5883 5863 5833 5778 5708 5689 5624 5563 5554 5490 5484 5434 5424 5232 5190 5132 5073 4942 4927 4884 4855 4815 4756 4609 4549 4542 4539 4486 4461 4357 4336 4253 4170 4060 4039 4035 3862 3854 3838 3642 3589 3565 3489 3430 3384 3360 3341 3298 3234 3223 3219 3196 3179 3116 3002 2956 2930 2915 2870 2744 2662 2661 2615 2612 2597 2566 2523 2510 2472 2461 2433 2413 2406 2299 2241 2220 2210 2178 2151 1955 1921 1909 1872 1848 1845 1795 1739 1708 1705 1603 1583 1386 1376 1339 1306 1121 1084 1074 1053 954 883 858 845 742 721 719 701 670 660 652 627 546 509 507 476 451 427 414 348 294 290 279 263 261 238 202 189 159 147 81 64 38 28 
s: 17051 17023 17018 17012 17008 16972 16964 16944 16924 16913 16877 16876 16874 16870 16859 16841 16840 16826 16819 16816 16807 16801 16796 16782 16754 16750 16729 16719 16681 16679 16676 16658 16639 16617 16603 16593 16581 16548 16543 16536 16507 16496 16495 16467 16423 16377 16365 16260 16248 16234 16227 16217 16193 16192 16157 16128 16114 16041 16003 15950 15842 15839 15793 15790 15757 15643 15627 15591 15589 15578 15576 15571 15431 15378 15296 15295 15165 15110 14976 14962 14952 14909 14900 14865 14854 14816 14802 14762 14754 14741 14699 14662 14598 14471 14400 14392 14363 14334 14285 14283 14275 14263 14258 14211 14185 14156 14154 14152 14150 14075 14073 14071 14052 14044 13953 13951 13929 13925 13908 13890 13861 13857 13840 13825 13810 13792 13788 13786 13764 13750 13735 13728 13724 13716 13679 13657 13626 13623 13610 13571 13559 13549 13541 13528 13471 13464 13453 13449 13434 13428 13402 13393 13392 13378 13377 13337 13324 13318 13317 13311 13309 13305 13303 13302 13286 13276 13274 13266 13246 13243 13231 13203 13196 13195 13185 13157 13142 13131 13127 13123 13096 13093 13085 13084 13069 13064 13047 13043 13006 13002 12992 12986 12984 12982 12976 12968 12940 12926 12908 12900 12896 12880 12835 12818 12811 12802 12797 12786 12754 12740 12691 12683 12652 12632 12627 12621 12614 12593 12586 12568 12553 12550 12526 12510 12507 12488 12474 12438 12427 12406 12396 12374 12371 12367 12354 12310 12308 12301 12271 12261 12260 12250 12235 12218 12206 12198 12173 12166 12149 12137 12126 12122 12093 12067 12056 12049 12029 11985 11953 11939 11931 11921 11920 11901 11899 11896 11881 11837 11829 11821 11800 11797 11793 11708 11698 11678 11675 11669 11634 11633 11631 11622 11615 11606 11593 11590 11583 11488 11483 11480 11479 11464 11448 11436 11434 11431 11430 11428 11408 11403 11376 11358 11343 11332 11303 11299 11290 11280 11276 11269 11265 11264 11244 11229 11214 11206 11201 11193 11147 11137 11133 11131 11116 11112 11107 11060 11050 11045 10985 10973 10933 10896 10887 10885 10881 10828 10827 10811 10771 10742 10733 10730 10697 10687 10681 10672 10665 10657 10637 10620 10575 10574 10568 10562 10536 10531 10525 10512 10507 10495 10475 10458 10455 10448 10435 10430 10387 10386 10365 10362 10324 10318 10301 10297 10295 10290 10244 10227 10222 10200 10187 10170 10166 10159 10151 10143 10109 10074 10049 10022 10010 9987 9971 9962 9955 9953 9942 9925 9923 9920 9908 9888 9876 9866 9864 9842 9833 9819 9818 9812 9800 9758 9736 9725 9710 9695 9656 9635 9610 9582 9553 9542 9534 9532 9512 9509 9472 9470 9467 9464 9453 9450 9418 9410 9329 9276 9272 9268 9257 9232 9230 9207 9198 9187 9185 9172 9160 9145 9110 9076 9063 9022 9019 9008 8987 8973 8958 8926 8916 8908 8893 8873 8815 8807 8794 8781 8775 8766 8751 8749 8747 8736 8726 8720 8715 8713 8706 8688 8683 8680 8664 8650 8649 8622 8603 8595 8567 8560 8548 8518 8510 8504 8501 8483 8481 8471 8410 8397 8395 8371 8369 8365 8362 8322 8276 8247 8235 8216 8213 8203 8201 8192 8182 8168 8163 8124 8068 8035 8019 8000 7996 7989 7980 7963 7941 7911 7900 7859 7824 7816 7795 7777 7766 7761 7758 7748 7687 7684 7647 7630 7626 7590 7582 7552 7545 7542 7497 7493 7484 7474 7451 7384 7370 7365 7350 7345 7341 7337 7330 7326 7313 7296 7294 7293 7291 7272 7266 7256 7248 7237 7225 7208 7202 7190 7180 7167 7137 7125 7068 7060 7055 7052 7048 7039 7027 7025 7019 6996 6963 6945 6941 6914 6905 6888 6885 6879 6862 6820 6811 6802 6784 6779 6761 6753 6740 6732 6729 6728 6720 6718 6715 6695 6688 6686 6676 6671 6654 6652 6611 6602 6574 6569 6549 6535 6531 6525 6516 6506 6501 6493 6464 6463 6458 6453 6440 6439 6426 6420 6409 6406 6382 6373 6362 6351 6320 6307 6304 6277 6253 6234 6227 6210 6203 6184 6154 6153 6149 6146 6143 6131 6128 6123 6120 6101 6049 6032 5985 5983 5965 5925 5909 5902 5894 5853 5835 5829 5827 5822 5817 5808 5801 5800 5796 5786 5777 5770 5716 5697 5667 5662 5655 5622 5610 5608 5603 5593 5581 5579 5578 5561 5553 5545 5540 5531 5523 5519 5515 5507 5491 5488 5481 5475 5471 5453 5391 5376 5368 5364 5362 5361 5331 5330 5322 5297 5287 5281 5279 5254 5251 5234 5224 5219 5215 5196 5193 5180 5178 5165 5147 5141 5124 5123 5121 5093 5089 5071 5067 5041 5035 5032 5022 5015 5014 5012 5005 5000 4997 4990 4982 4979 4952 4949 4929 4926 4924 4912 4902 4893 4879 4864 4849 4846 4843 4830 4829 4806 4789 4787 4785 4780 4777 4770 4768 4764 4740 4737 4728 4716 4709 4663 4662 4653 4651 4623 4620 4617 4612 4611 4610 4608 4606 4605 4581 4570 4538 4532 4531 4530 4527 4512 4507 4493 4464 4453 4447 4443 4437 4430 4427 4420 4413 4408 4402 4354 4306 4284 4277 4264 4263 4250 4237 4208 4191 4190 4178 4148 4147 4107 4104 4054 4051 4030 4020 4013 4008 4004 3991 3980 3974 3963 3955 3944 3935 3908 3885 3882 3869 3851 3829 3811 3808 3777 3750 3744 3733 3730 3723 3719 3718 3696 3694 3691 3686 3683 3654 3649 3645 3636 3624 3521 3491 3481 3467 3465 3458 3443 3398 3385 3380 3362 3357 3348 3331 3322 3321 3318 3299 3289 3286 3257 3246 3245 3237 3228 3182 3181 3173 3165 3162 3161 3133 3128 3118 3114 3103 3086 3082 3075 3070 3068 3055 3052 3051 3023 3005 2996 2952 2949 2936 2931 2924 2914 2911 2897 2890 2881 2874 2860 2854 2839 2832 2826 2823 2801 2799 2781 2780 2773 2760 2758 2738 2722 2715 2708 2706 2700 2697 2610 2609 2575 2533 2526 2514 2507 2467 2463 2426 2381 2371 2346 2343 2326 2306 2263 2255 2222 2219 2208 2187 2176 2159 2130 2129 2102 2098 2090 2064 2059 2036 2027 2008 2000 1993 1990 1986 1983 1969 1966 1957 1947 1940 1913 1894 1891 1877 1838 1828 1792 1786 1745 1744 1723 1718 1701 1681 1657 1632 1626 1608 1553 1541 1508 1500 1464 1454 1450 1425 1399 1395 1358 1350 1349 1346 1338 1311 1297 1292 1252 1242 1236 1218 1216 1214 1211 1209 1208 1204 1189 1179 1172 1170 1145 1130 1129 1122 1115 1101 1096 1087 1076 1072 1071 1068 1065 1041 1030 1022 1009 996 990 979 977 974 971 963 946 936 927 923 918 904 897 885 876 872 835 774 767 759 754 753 746 731 728 725 708 696 686 682 674 623 620 612 609 593 555 553 535 533 523 520 492 486 485 424 419 410 396 392 390 379 364 353 316 300 265 260 257 211 209 196 195 86 71 
t: 17056 17052 17050 17042 17035 17034 17031 17021 17015 16992 16984 16940 16930 16927 16908 16880 16868 16862 16861 16847 16825 16800 16795 16777 16771 16762 16752 16740 16737 16733 16731 16727 16725 16721 16710 16699 16691 16684 16664 16663 16636 16628 16604 16583 16571 16570 16568 16561 16560 16554 16549 16545 16541 16535 16532 16517 16511 16501 16481 16477 16464 16456 16452 16442 16441 16434 16430 16428 16424 16405 16389 16379 16369 16355 16343 16339 16332 16324 16304 16297 16284 16277 16276 16274 16270 16263 16258 16250 16246 16239 16237 16232 16230 16229 16226 16223 16220 16209 16203 16182 16166 16162 16150 16145 16143 16127 16118 16116 16110 16106 16100 16097 16084 16079 16075 16071 16065 16056 16050 16046 16045 16033 16018 16000 15983 15977 15971 15970 15968 15967 15960 15943 15931 15926 15914 15911 15908 15902 15893 15876 15853 15847 15836 15832 15825 15820 15812 15806 15787 15785 15782 15779 15770 15760 15755 15754 15737 15724 15722 15715 15707 15700 15668 15653 15646 15635 15633 15632 15631 15626 15596 15595 15587 15580 15579 15567 15563 15539 15538 15536 15532 15527 15524 15521 15520 15516 15515 15511 15506 15498 15492 15483 15475 15443 15425 15410 15389 15388 15373 15368 15360 15347 15323 15320 15312 15310 15308 15307 15294 15288 15281 15262 15253 15251 15246 15236 15233 15228 15225 15216 15215 15211 15207 15204 15199 15186 15183 15163 15160 15157 15154 15148 15143 15136 15128 15124 15108 15105 15098 15095 15088 15080 15063 15057 15055 15054 15029 15025 15012 15005 14986 14985 14980 14974 14970 14960 14950 14944 14936 14922 14920 14919 14918 14911 14907 14889 14876 14872 14853 14850 14846 14844 14843 14836 14830 14826 14824 14823 14811 14803 14799 14790 14783 14769 14760 14752 14748 14739 14735 14731 14727 14718 14704 14694 14686 14684 14683 14671 14666 14660 14658 14656 14642 14641 14637 14635 14633 14632 14628 14608 14595 14591 14587 14579 14577 14576 14572 14561 14529 14527 14526 14522 14511 14509 14508 14504 14498 14491 14474 14465 14458 14456 14455 14451 14446 14436 14426 14420 14418 14416 14410 14403 14395 14394 14393 14373 14357 14349 14345 14329 14319 14313 14308 14306 14298 14295 14290 14288 14273 14264 14261 14252 14244 14235 14217 14213 14191 14183 14177 14130 14115 14069 14062 14025 13989 13974 13960 13959 13952 13927 13911 13898 13876 13856 13817 13808 13801 13763 13738 13729 13723 13709 13705 13699 13676 13663 13633 13564 13542 13523 13516 13442 13433 13389 13306 13272 13260 13244 13238 13236 13194 13189 13174 13168 13103 13088 13048 13032 13025 13023 12928 12889 12878 12861 12851 12814 12792 12770 12766 12762 12695 12671 12626 12619 12608 12605 12594 12590 12577 12573 12571 12567 12521 12467 12457 12402 12348 12342 12333 12285 12263 12255 12194 12182 12162 12161 12159 12158 12128 12127 12014 11968 11888 11874 11844 11826 11812 11687 11671 11667 11561 11538 11476 11452 11432 11425 11389 11338 11306 11296 11288 11273 11194 11167 11104 11041 10995 10994 10939 10915 10911 10894 10845 10844 10834 10804 10789 10761 10756 10752 10748 10744 10714 10680 10651 10523 10510 10477 10466 10463 10440 10425 10341 10338 10328 10327 10322 10299 10280 10264 10253 10216 10189 10176 10139 10129 10110 10106 10091 10076 10008 10005 9879 9877 9774 9704 9697 9668 9666 9613 9612 9609 9592 9567 9538 9529 9427 9425 9421 9401 9387 9379 9367 9333 9303 9266 9238 9224 9223 9175 9162 9146 9140 9135 9128 9126 9117 9033 8989 8970 8954 8952 8934 8896 8892 8889 8847 8831 8778 8774 8772 8771 8768 8765 8763 8759 8727 8695 8684 8679 8676 8669 8667 8666 8663 8651 8612 8598 8580 8574 8537 8503 8484 8473 8435 8428 8425 8423 8418 8412 8400 8390 8387 8380 8363 8361 8355 8353 8315 8306 8301 8285 8271 8268 8254 8251 8227 8225 8187 8138 8099 8093 8059 8049 8041 8026 8023 8018 8008 8002 7976 7974 7972 7967 7949 7943 7929 7928 7919 7905 7897 7896 7886 7856 7836 7827 7826 7812 7783 7776 7754 7753 7752 7737 7723 7705 7701 7690 7672 7661 7657 7648 7642 7634 7628 7623 7621 7619 7614 7603 7594 7587 7585 7583 7575 7568 7561 7558 7554 7551 7544 7520 7486 7481 7471 7468 7463 7455 7446 7441 7422 7420 7362 7348 7331 7329 7257 7247 7218 7216 7204 7194 7178 7123 7119 7116 7100 7095 7076 7049 7000 6959 6918 6892 6889 6843 6828 6815 6805 6777 6766 6751 6746 6673 6646 6626 6615 6590 6572 6570 6515 6507 6504 6479 6467 6462 6451 6446 6438 6430 6394 6384 6374 6352 6338 6330 6315 6300 6268 6249 6243 6233 6218 6202 6193 6171 6156 6137 6110 6098 6090 5958 5943 5940 5938 5916 5911 5879 5878 5838 5804 5769 5764 5753 5737 5732 5719 5711 5702 5698 5653 5629 5612 5586 5557 5530 5526 5462 5437 5435 5413 5408 5397 5392 5304 5295 5268 5237 5222 5208 5203 5181 5173 5172 5156 5130 5116 5100 5042 4998 4986 4977 4934 4898 4895 4861 4860 4832 4808 4794 4774 4772 4670 4630 4613 4586 4582 4492 4480 4457 4439 4410 4397 4380 4345 4338 4330 4325 4318 4281 4265 4193 4168 4111 4084 4056 3996 3953 3928 3917 3893 3877 3860 3830 3793 3789 3787 3754 3621 3600 3591 3579 3556 3539 3529 3517 3516 3494 3487 3451 3436 3422 3413 3395 3335 3319 3301 3279 3274 3213 3194 3139 3131 3085 3020 2974 2951 2945 2900 2896 2883 2865 2845 2840 2818 2809 2805 2774 2772 2750 2746 2710 2681 2679 2642 2588 2585 2547 2541 2515 2496 2452 2421 2392 2376 2357 2338 2304 2294 2270 2265 2261 2236 2232 2213 2202 2191 2174 2152 2147 2141 2137 2088 2072 2037 2014 2013 1960 1932 1876 1855 1854 1833 1826 1822 1804 1798 1776 1775 1770 1711 1656 1635 1601 1566 1536 1461 1442 1433 1398 1381 1270 1269 1245 1132 1093 1016 993 952 950 884 881 868 849 829 713 658 634 617 610 594 580 557 550 512 466 352 329 272 204 199 162 117 115 113 92 88 73 56 50 44 42 41 16 12 
u: 16986 16985 16871 16869 16844 16835 16775 16759 16753 16673 16627 16620 16576 16531 16253 15976 15925 15663 15645 15613 15535 15510 15505 15499 15454 15407 15390 15366 15330 15241 15190 15155 15109 15053 15030 14964 14961 14908 14761 14753 14740 14613 14534 14502 14487 14476 14433 14415 14356 14331 14324 14292 14274 14257 14231 14100 14058 14046 14042 14007 14003 14000 13996 13965 13961 13956 13913 13836 13784 13766 13713 13706 13694 13665 13652 13649 13647 13634 13597 13580 13574 13568 13512 13509 13485 13444 13436 13421 13416 13410 13384 13232 13230 13173 13170 13148 13080 13074 13052 13024 13013 13008 12965 12958 12947 12869 12823 12750 12742 12717 12708 12697 12635 12591 12585 12583 12536 12532 12469 12446 12386 12372 12366 12357 12337 12334 12331 12298 12290 12171 12169 12125 12079 12068 12063 12025 11992 11979 11969 11947 11932 11922 11917 11911 11903 11890 11869 11843 11832 11806 11796 11772 11753 11720 11685 11624 11591 11570 11547 11533 11528 11516 11445 11383 11379 11350 11346 11335 11284 11238 11234 11230 11218 11204 11163 11078 11075 11012 10998 10954 10916 10882 10861 10840 10830 10814 10810 10788 10758 10754 10690 10579 10532 10503 10493 10472 10444 10437 10366 10245 10242 10218 10213 10210 10178 10147 10134 10067 10059 9996 9978 9970 9964 9836 9831 9828 9823 9822 9734 9720 9618 9552 9551 9524 9511 9490 9482 9476 9441 9416 9388 9356 9327 9299 9248 9243 9156 9137 9127 9121 9101 9029 9007 9004 8983 8972 8967 8943 8914 8878 8824 8805 8791 8741 8728 8699 8682 8644 8575 8511 8448 8429 8372 8351 8336 8255 8245 8169 8142 8114 8021 7932 7822 7807 7794 7778 7760 7757 7750 7731 7617 7607 7579 7499 7494 7479 7457 7428 7392 7355 7320 7235 7226 7221 7174 7156 7152 7143 6964 6956 6926 6904 6867 6847 6812 6803 6763 6703 6667 6653 6645 6620 6605 6598 6580 6576 6518 6457 6442 6435 6418 6405 6399 6396 6348 6324 6297 6265 6224 6220 6212 6155 6134 6102 6083 5994 5942 5924 5905 5880 5865 5832 5783 5749 5746 5739 5693 5683 5634 5599 5560 5509 5498 5483 5476 5473 5441 5419 5410 5402 5389 5313 5305 5286 5259 5255 5200 5174 5155 5135 5125 5103 5074 5046 5043 5024 5011 5004 4947 4941 4886 4878 4858 4833 4813 4799 4765 4731 4693 4680 4593 4565 4533 4509 4506 4450 4409 4359 4342 4332 4320 4305 4291 4245 4224 4217 4212 4207 4195 4134 4119 4094 4071 4058 4012 3945 3887 3831 3814 3740 3727 3722 3720 3700 3677 3635 3630 3438 3402 3336 3320 3312 3306 3303 3297 3236 3225 3207 3195 3166 3156 3089 3060 3046 3029 3009 2990 2955 2929 2894 2812 2804 2771 2718 2702 2699 2696 2683 2674 2669 2664 2651 2647 2626 2600 2590 2548 2537 2502 2477 2447 2427 2403 2398 2373 2347 2339 2291 2274 2245 2221 2214 2188 2184 2181 2179 2156 2124 2080 2068 2020 2003 1995 1949 1933 1824 1785 1759 1754 1748 1743 1712 1685 1674 1662 1647 1640 1633 1607 1605 1594 1585 1574 1570 1564 1560 1558 1552 1511 1505 1483 1477 1414 1390 1368 1357 1344 1302 1287 1283 1276 1251 1234 1233 1149 1126 1123 1120 1034 1029 1006 986 960 951 942 921 914 900 890 888 880 832 777 733 723 659 613 566 526 504 494 482 441 436 383 376 360 354 304 270 188 184 172 40 17 
v: 16963 16911 16808 16599 16426 16420 16410 16391 16301 16262 16222 15872 15800 15444 15415 15370 15361 15021 14352 14197 14148 14147 14098 14083 14082 14055 13998 13966 13839 13826 13772 13747 13675 13653 13629 13603 13546 13539 13522 13492 13488 13432 13397 13341 13325 13275 13227 13223 13220 13182 13167 13165 13137 13126 13057 13036 13018 13011 12972 12957 12952 12938 12933 12931 12888 12867 12821 12812 12726 12712 12685 12672 12638 12630 12609 12556 12459 12445 12422 12404 12388 12370 12364 12296 12246 12244 12226 12201 12193 12180 12133 12099 12044 11990 11936 11929 11915 11914 11907 11889 11886 11880 11846 11818 11788 11762 11737 11656 11604 11509 11508 11492 11437 11354 11294 11182 11168 11150 11091 11079 11061 11059 11015 10999 10966 10926 10866 10797 10760 10735 10724 10691 10642 10609 10555 10553 10546 10534 10398 10370 10329 10233 10191 10172 10135 10113 10100 10093 10089 10054 10019 9937 9860 9837 9826 9825 9765 9756 9723 9716 9706 9701 9655 9623 9588 9517 9488 9473 9336 9297 9218 9214 9196 9179 9086 9032 8993 8959 8953 8903 8897 8875 8868 8841 8809 8804 8767 8704 8693 8659 8638 8599 8573 8547 8531 8519 8517 8516 8453 8426 8373 8331 8307 8266 8262 8248 8228 8206 8205 8191 8183 8166 8132 8113 8091 8047 8042 7933 7930 7903 7898 7829 7767 7747 7691 7615 7492 7393 7385 7267 7222 7165 7078 7073 7045 6979 6972 6960 6830 6829 6826 6738 6692 6604 6536 6526 6512 6505 6452 6432 6284 6259 6228 6194 6191 6126 6079 6056 6029 6005 5986 5954 5872 5839 5669 5647 5631 5614 5556 5536 5450 5426 5416 5403 5395 5351 5299 5289 5276 5204 5179 5151 5114 5086 5058 5033 5006 4981 4955 4939 4894 4880 4831 4825 4822 4810 4781 4721 4694 4681 4668 4656 4648 4600 4561 4524 4519 4504 4466 4451 4363 4278 4257 4204 4161 4140 4108 4099 4088 4047 4029 4017 3970 3940 3881 3868 3845 3835 3807 3784 3741 3738 3734 3708 3670 3580 3567 3544 3439 3437 3368 3295 3239 3226 3120 3111 2993 2868 2864 2795 2759 2734 2719 2620 2580 2568 2556 2508 2506 2464 2411 2404 2397 2396 2366 2354 2336 2333 2324 2292 2277 2258 2223 2172 2168 2160 2144 2142 2125 2114 2084 2074 2062 2021 2004 1959 1943 1931 1892 1886 1834 1825 1811 1793 1788 1778 1760 1755 1710 1675 1673 1660 1648 1643 1641 1589 1529 1506 1502 1495 1453 1385 1369 1356 1330 1324 1274 1223 1197 1108 1057 999 930 877 864 840 797 730 722 684 636 588 480 438 409 398 281 236 178 122 118 
w: 17022 17020 17013 17011 17001 16993 16977 16957 16945 16939 16926 16921 16912 16899 16883 16855 16845 16842 16828 16821 16820 16811 16810 16809 16791 16787 16786 16779 16776 16739 16730 16711 16698 16678 16677 16644 16638 16616 16506 16462 16446 16427 16417 16390 16384 16378 16359 16348 16334 16313 16303 16296 16293 16201 16183 16171 16168 16163 16140 16139 16119 16098 16081 16078 16069 16067 16057 16051 16043 16021 16020 15979 15954 15924 15887 15835 15830 15817 15767 15751 15747 15736 15732 15719 15716 15709 15702 15691 15679 15674 15654 15621 15618 15614 15557 15550 15503 15481 15457 15453 15411 15377 15355 15337 15324 15301 15291 15290 15283 15269 15267 15263 15254 15237 15224 15222 15212 15195 15182 15179 15158 15142 15137 15132 15127 15126 15111 15099 15092 15076 15068 15062 15042 15038 15011 15010 15004 15002 15001 14994 14977 14955 14943 14937 14933 14890 14888 14884 14878 14869 14867 14863 14856 14851 14842 14837 14835 14822 14819 14813 14801 14797 14784 14780 14763 14745 14729 14724 14698 14679 14675 14655 14653 14651 14646 14626 14623 14620 14619 14592 14566 14545 14495 14482 14470 14464 14453 14445 14444 14440 14437 14431 14417 14386 14368 14348 14305 14279 14276 14262 14245 14240 14233 14221 14199 96 55 49 29 25 
x: 12430 
y: 16949 16580 16489 16363 16335 16268 16167 16133 16112 16107 16095 16077 16068 16062 16054 16048 16036 16027 16013 15996 15984 15965 15944 15941 15932 15883 15762 15735 15717 15708 15675 15640 15616 15602 15565 15558 15513 15508 15495 15484 15463 15455 15379 15344 15317 15189 15138 15118 15043 14965 14914 14904 14885 14879 14864 14838 14800 14771 14756 14681 14672 14643 14593 14581 14568 14550 14547 14531 14518 14499 14496 14449 14412 14354 14337 14332 14326 14266 30 
z: 11232 3167 2648 
